1 0.27890625 0.51328125 0.028125 0.05625
1 0.3078125 0.51171875 0.028125 0.059375
1 0.3546875 0.51328125 0.0296875 0.05625
1 0.40703125 0.50625 0.03125 0.05625
1 0.459375 0.51328125 0.03125 0.059375
1 0.50703125 0.51171875 0.028125 0.05625
1 0.55546875 0.5125 0.03125 0.0609375
1 0.60703125 0.50546875 0.028125 0.053125
1 0.5125 0.715625 0.0296875 0.05625
1 0.56015625 0.7171875 0.03125 0.059375
1 0.61171875 0.71015625 0.028125 0.053125
1 0.46328125 0.71796875 0.028125 0.053125
1 0.66484375 0.71640625 0.0265625 0.05625
1 0.71328125 0.71484375 0.028125 0.0578125
1 0.76015625 0.71484375 0.0296875 0.059375
1 0.81328125 0.70859375 0.0296875 0.05625
1 0.86640625 0.71328125 0.028125 0.05625
1 0.91796875 0.70859375 0.040625 0.0671875
1 0.9140625 0.50234375 0.040625 0.071875
1 0.8609375 0.509375 0.03125 0.053125
1 0.80859375 0.50390625 0.0296875 0.05625
1 0.75703125 0.51015625 0.0296875 0.053125
1 0.7078125 0.5109375 0.03125 0.059375
1 0.66015625 0.51171875 0.0296875 0.05625
1 0.41171875 0.7109375 0.03125 0.05625
1 0.13828125 0.51015625 0.034375 0.0625