1 0.18828125 0.47890625 0.028125 0.053125
1 0.27265625 0.47421875 0.028125 0.0546875
1 0.30234375 0.475 0.028125 0.053125
1 0.34921875 0.4703125 0.028125 0.05625
1 0.4015625 0.4765625 0.028125 0.05625
1 0.45234375 0.46875 0.0296875 0.0546875
1 0.49921875 0.4703125 0.0296875 0.053125
1 0.546875 0.47109375 0.0296875 0.0546875
1 0.59921875 0.4765625 0.028125 0.05625
0 0.15234375 0.4796875 0.025 0.04375
0 0.125 0.4796875 0.025 0.04375
0 0.1015625 0.47890625 0.025 0.05
1 0.64921875 0.4703125 0.028125 0.05
1 0.696875 0.4703125 0.0296875 0.05625
1 0.73671875 0.471875 0.028125 0.053125
1 0.78359375 0.47265625 0.0296875 0.0578125
1 0.82265625 0.47734375 0.028125 0.053125
1 0.82421875 0.2765625 0.028125 0.0546875
1 0.784375 0.27265625 0.03125 0.0578125
1 0.7359375 0.2734375 0.03125 0.053125
1 0.69765625 0.27421875 0.03125 0.053125
1 0.65078125 0.271875 0.03125 0.0546875
1 0.6 0.27734375 0.03125 0.0578125
1 0.5484375 0.27109375 0.03125 0.053125
0 0.1546875 0.27890625 0.021875 0.04375
0 0.12890625 0.2796875 0.025 0.0421875
0 0.103125 0.28203125 0.025 0.046875
2 0.0546875 0.475 0.0359375 0.065625
1 0.22109375 0.4765625 0.0296875 0.053125
1 0.96171875 0.2734375 0.0296875 0.053125
1 0.9875 0.2734375 0.025 0.0546875
1 0.96015625 0.4734375 0.0296875 0.053125
1 0.9859375 0.47421875 0.028125 0.0578125
1 0.50078125 0.27109375 0.028125 0.05625