1 0.4359375 0.33984375 0.05625 0.0328125
1 0.4296875 0.38046875 0.05625 0.03125
1 0.43046875 0.43046875 0.059375 0.03125
1 0.43046875 0.471875 0.059375 0.0328125
1 0.42890625 0.5203125 0.0578125 0.034375
1 0.434375 0.575 0.059375 0.034375
1 0.428125 0.628125 0.059375 0.03125
1 0.42734375 0.67890625 0.0625 0.03125
1 0.4265625 0.72890625 0.05625 0.03125
1 0.43203125 0.7828125 0.0609375 0.03125
1 0.42578125 0.8375 0.0609375 0.034375
1 0.21484375 0.378125 0.0625 0.034375
1 0.22109375 0.3375 0.0625 0.03125
1 0.21640625 0.428125 0.05625 0.03125
1 0.21484375 0.46875 0.059375 0.03125
1 0.2125 0.51875 0.05625 0.0328125
1 0.21953125 0.57265625 0.0609375 0.03125
1 0.21640625 0.62578125 0.05625 0.034375
1 0.215625 0.19296875 0.059375 0.03125
1 0.21796875 0.1625 0.05625 0.03125
1 0.21484375 0.11328125 0.059375 0.0328125
1 0.221875 0.0578125 0.059375 0.034375
1 0.21484375 0.0109375 0.059375 0.021875
1 0.43046875 0.19609375 0.0609375 0.03125
1 0.43125 0.16484375 0.059375 0.03125
1 0.4296875 0.11484375 0.059375 0.03125
1 0.4375 0.0609375 0.0625 0.034375
1 0.43125 0.0109375 0.0578125 0.021875
1 0.015625 0.1875 0.03125 0.03125
1 0.4296875 0.8890625 0.059375 0.0328125