2 0.49453125 0.56953125 0.053125 0.028125
2 0.490625 0.525 0.053125 0.028125
2 0.490625 0.48671875 0.053125 0.028125
2 0.490625 0.44296875 0.0546875 0.028125
2 0.490625 0.40703125 0.053125 0.0265625
1 0.4875 0.37265625 0.0640625 0.03125
1 0.284375 0.37265625 0.0640625 0.0375
1 0.29140625 0.4046875 0.053125 0.0265625
1 0.28984375 0.4421875 0.05 0.0265625
1 0.29296875 0.48203125 0.0515625 0.03125
1 0.2890625 0.525 0.05 0.0265625
1 0.296875 0.190625 0.0671875 0.0359375
1 0.49765625 0.19140625 0.071875 0.0375
1 0.4921875 0.08046875 0.0546875 0.028125
2 0.28984375 0.0390625 0.0625 0.034375
2 0.09140625 0.034375 0.0640625 0.0375
2 0.4890625 0.040625 0.0625 0.0359375
0 0.2953125 0.159375 0.046875 0.025
0 0.29453125 0.13203125 0.0484375 0.025
0 0.296875 0.10703125 0.05 0.0265625
0 0.29453125 0.00546875 0.0484375 0.0109375
0 0.49375 0.1359375 0.0484375 0.025
0 0.4953125 0.10859375 0.04375 0.025
0 0.4953125 0.00703125 0.04375 0.0125
0 0.09921875 0.10078125 0.053125 0.028125
0 0.0984375 0.128125 0.05 0.0265625
0 0.0984375 0.1546875 0.05 0.028125