1 0.459375 0.43515625 0.06875 0.034375
1 0.4671875 0.48828125 0.059375 0.03125
1 0.46015625 0.5390625 0.0578125 0.034375
1 0.6625 0.4328125 0.065625 0.040625
1 0.46640625 0.590625 0.053125 0.028125
1 0.4703125 0.6875 0.0484375 0.03125
1 0.46171875 0.7390625 0.05 0.03125
1 0.6703125 0.4859375 0.05625 0.03125
1 0.46875 0.78984375 0.053125 0.03125
1 0.46875 0.83671875 0.0515625 0.0296875
1 0.46875 0.88515625 0.05 0.0265625
1 0.46875 0.6359375 0.0625 0.034375
1 0.4609375 0.05546875 0.06875 0.0375
1 0.4546875 0.02109375 0.0515625 0.028125
1 0.6640625 0.053125 0.06875 0.0375
1 0.65859375 0.01953125 0.05625 0.0296875