2 0.7328125 0.5421875 0.0375 0.065625
2 0.73046875 0.7375 0.034375 0.065625
2 0.8796875 0.5390625 0.040625 0.06875
0 0.6875 0.53984375 0.028125 0.053125
0 0.66171875 0.53828125 0.028125 0.0515625
0 0.63515625 0.53671875 0.03125 0.0484375
0 0.684375 0.73125 0.025 0.0546875
0 0.6609375 0.7296875 0.03125 0.0578125
0 0.63359375 0.73046875 0.0265625 0.059375
1 0.6015625 0.53671875 0.0265625 0.05
1 0.56796875 0.5390625 0.028125 0.053125
1 0.51875 0.53984375 0.0296875 0.05625
1 0.48984375 0.540625 0.028125 0.05625
1 0.44453125 0.54609375 0.028125 0.053125
1 0.39453125 0.53828125 0.028125 0.053125
1 0.34296875 0.54375 0.028125 0.053125
1 0.29765625 0.54375 0.0296875 0.053125
1 0.39296875 0.7328125 0.03125 0.05625
1 0.34296875 0.7390625 0.03125 0.053125
1 0.25234375 0.54375 0.028125 0.0515625
1 0.24921875 0.73984375 0.0296875 0.05625
1 0.296875 0.7390625 0.028125 0.053125
1 0.44296875 0.7390625 0.03125 0.05
1 0.2 0.73359375 0.03125 0.0546875
1 0.15 0.73671875 0.0296875 0.053125
1 0.10390625 0.7375 0.0328125 0.053125
1 0.1515625 0.54296875 0.0296875 0.05625
1 0.2015625 0.53828125 0.028125 0.0515625
1 0.065625 0.7375 0.0296875 0.053125
1 0.0203125 0.73671875 0.028125 0.05625
1 0.10546875 0.54375 0.0296875 0.0546875
1 0.02109375 0.540625 0.0328125 0.059375
1 0.4875 0.7359375 0.028125 0.053125
1 0.775 0.53515625 0.028125 0.053125
0 0.8109375 0.5328125 0.0234375 0.0453125
0 0.83671875 0.53359375 0.025 0.0453125
2 0.875 0.73203125 0.03125 0.05625
0 0.834375 0.72890625 0.025 0.04375
0 0.80859375 0.72734375 0.021875 0.040625