1 0.36953125 0.46484375 0.0296875 0.05625
1 0.40703125 0.46875 0.0296875 0.059375
1 0.4515625 0.4703125 0.0296875 0.053125
1 0.4890625 0.47109375 0.028125 0.053125
1 0.53359375 0.47109375 0.03125 0.0578125
1 0.5828125 0.46484375 0.03125 0.053125
1 0.63359375 0.471875 0.0296875 0.059375
1 0.678125 0.471875 0.028125 0.05
1 0.7234375 0.47265625 0.03125 0.0546875
1 0.775 0.4671875 0.0296875 0.0546875
1 0.0609375 0.6609375 0.03125 0.0546875
1 0.1125 0.65625 0.0265625 0.053125
1 0.16171875 0.66328125 0.028125 0.05625
1 0.20625 0.6625 0.028125 0.053125
1 0.234375 0.66015625 0.028125 0.05625
1 0.0140625 0.85625 0.028125 0.05625
1 0.01484375 0.6640625 0.028125 0.05625
1 0.16328125 0.46875 0.028125 0.0515625
1 0.36640625 0.6609375 0.028125 0.05
1 0.403125 0.66328125 0.0265625 0.053125
1 0.45 0.6625 0.025 0.0515625
1 0.4859375 0.66484375 0.028125 0.05
1 0.06328125 0.46875 0.025 0.053125
1 0.0171875 0.46640625 0.028125 0.0546875
1 0.53203125 0.66484375 0.0296875 0.05625