2 0.56328125 0.68046875 0.071875 0.040625
2 0.77421875 0.68515625 0.08125 0.04375
2 0.97734375 0.68828125 0.0453125 0.040625
2 0.7796875 0.63125 0.0625 0.034375
2 0.57109375 0.625 0.06875 0.034375
2 0.56171875 0.57265625 0.065625 0.0328125
2 0.775 0.5796875 0.071875 0.0375
2 0.78046875 0.52421875 0.059375 0.034375
2 0.5703125 0.521875 0.0703125 0.040625
2 0.56953125 0.47109375 0.0625 0.0375
2 0.7828125 0.4765625 0.0640625 0.034375
2 0.56796875 0.425 0.065625 0.0328125
2 0.7796875 0.42890625 0.065625 0.03125
2 0.56328125 0.37109375 0.06875 0.0375
2 0.77109375 0.378125 0.0703125 0.0421875
2 0.56875 0.315625 0.06875 0.0375
2 0.56875 0.26796875 0.0640625 0.03125
2 0.77578125 0.32265625 0.065625 0.034375
2 0.57265625 0.22109375 0.065625 0.034375
2 0.5640625 0.1671875 0.0671875 0.0359375
0 0.57109375 0.1140625 0.06875 0.03125
2 0.56875 0.065625 0.0640625 0.03125
2 0.56875 0.03515625 0.06875 0.03125