1 0.48671875 0.13828125 0.053125 0.03125
1 0.4828125 0.17734375 0.0515625 0.03125
1 0.4828125 0.225 0.053125 0.028125
1 0.48359375 0.26328125 0.0578125 0.028125
1 0.4828125 0.3125 0.0515625 0.028125
1 0.4890625 0.36328125 0.053125 0.028125
1 0.48125 0.415625 0.05 0.025
1 0.4828125 0.4640625 0.05625 0.028125
1 0.48359375 0.5125 0.053125 0.0296875
1 0.4859375 0.5625 0.05625 0.028125
1 0.48203125 0.615625 0.046875 0.028125
1 0.484375 0.6625 0.046875 0.03125
1 0.2796875 0.221875 0.053125 0.03125
1 0.27890625 0.175 0.053125 0.028125
1 0.2828125 0.13515625 0.053125 0.028125
1 0.27890625 0.26171875 0.0546875 0.028125
1 0.2765625 0.31015625 0.0578125 0.0296875
1 0.28359375 0.36171875 0.0546875 0.03125
1 0.27578125 0.41484375 0.05625 0.03125
1 0.27734375 0.4609375 0.059375 0.0296875
1 0.48359375 0.69296875 0.053125 0.0296875
1 0.4828125 0.74453125 0.0515625 0.028125
1 0.48671875 0.7796875 0.053125 0.028125
1 0.27578125 0.50859375 0.05 0.028125
0 0.490625 0.81484375 0.046875 0.028125
0 0.49140625 0.83984375 0.0453125 0.025
0 0.490625 0.8671875 0.040625 0.0265625
2 0.4859375 0.9140625 0.065625 0.040625
2 0.278125 0.91328125 0.0625 0.034375
1 0.28203125 0.5609375 0.0515625 0.03125
1 0.071875 0.003125 0.05625 0.00625
1 0.2765625 0.00546875 0.05625 0.0109375