2 0.4953125 0.953125 0.046875 0.028125
2 0.50078125 0.9109375 0.0515625 0.028125
2 0.5 0.86875 0.053125 0.028125
2 0.5 0.82734375 0.046875 0.028125
2 0.50078125 0.78984375 0.0515625 0.028125
2 0.50390625 0.7578125 0.065625 0.0375
2 0.7046875 0.75234375 0.065625 0.034375
2 0.69375 0.5671875 0.0625 0.0375
2 0.49375 0.57265625 0.065625 0.0375
2 0.7 0.4140625 0.0671875 0.0375
2 0.4984375 0.42109375 0.0625 0.0375
2 0.49296875 0.35234375 0.046875 0.025
2 0.49609375 0.31640625 0.0515625 0.028125
2 0.50234375 0.27265625 0.065625 0.0375
2 0.70234375 0.26640625 0.0640625 0.0375
2 0.696875 0.3125 0.0546875 0.028125
2 0.9125 0.2640625 0.0625 0.034375
2 0.9078125 0.41171875 0.0625 0.034375
2 0.70078125 0.134375 0.05 0.028125
2 0.7046875 0.10078125 0.053125 0.028125
2 0.9109375 0.13125 0.053125 0.0296875
2 0.9140625 0.0984375 0.0515625 0.028125
2 0.91484375 0.04765625 0.053125 0.028125
2 0.91484375 0.01796875 0.05625 0.028125
2 0.70546875 0.0203125 0.053125 0.028125
2 0.7046875 0.0515625 0.0546875 0.0296875
2 0.5015625 0.10703125 0.05 0.0265625
2 0.49921875 0.140625 0.05625 0.0296875
0 0.49765625 0.1765625 0.04375 0.025
0 0.496875 0.20234375 0.04375 0.025
0 0.4984375 0.22734375 0.0484375 0.0265625
0 0.696875 0.22109375 0.0484375 0.028125
0 0.69765625 0.1953125 0.05 0.025
0 0.696875 0.16953125 0.0484375 0.025
0 0.69453125 0.346875 0.046875 0.0265625
0 0.69453125 0.3734375 0.05 0.0265625
0 0.69609375 0.4546875 0.05625 0.028125
0 0.6921875 0.48203125 0.05 0.025
0 0.69375 0.50859375 0.05 0.025
0 0.69296875 0.53515625 0.05 0.025
0 0.496875 0.4609375 0.0546875 0.0265625
0 0.49296875 0.48828125 0.0515625 0.025
0 0.49453125 0.51484375 0.05 0.025
0 0.49140625 0.540625 0.0484375 0.025
0 0.90703125 0.16796875 0.046875 0.025
0 0.90546875 0.1921875 0.0484375 0.0234375
0 0.90703125 0.2171875 0.04375 0.025
2 0.90703125 0.3078125 0.053125 0.0296875
0 0.90390625 0.34453125 0.04375 0.025
0 0.903125 0.36953125 0.0453125 0.0234375
2 0.90546875 0.5609375 0.065625 0.0375
0 0.90859375 0.45234375 0.0546875 0.028125