1 0.5515625 0.57578125 0.0546875 0.0296875
1 0.55 0.54296875 0.05 0.028125
1 0.54765625 0.49375 0.053125 0.028125
1 0.5484375 0.465625 0.05 0.028125
1 0.54609375 0.41953125 0.053125 0.028125
1 0.55234375 0.36875 0.053125 0.028125
1 0.5453125 0.31875 0.053125 0.025
1 0.54453125 0.2734375 0.053125 0.028125
1 0.5453125 0.2265625 0.053125 0.028125
1 0.55234375 0.17578125 0.05625 0.028125
1 0.35234375 0.22421875 0.053125 0.0296875
1 0.3515625 0.26953125 0.053125 0.0296875
1 0.34921875 0.31640625 0.05 0.0265625
1 0.35390625 0.36640625 0.0515625 0.028125
1 0.3484375 0.4171875 0.053125 0.028125
1 0.3578125 0.4625 0.0515625 0.028125
1 0.35390625 0.4921875 0.053125 0.028125
1 0.3578125 0.54140625 0.05625 0.03125
1 0.36015625 0.57421875 0.053125 0.028125
1 0.35546875 0.17421875 0.0515625 0.028125
1 0.35078125 0.12421875 0.0515625 0.025
1 0.35 0.07734375 0.0515625 0.028125
1 0.35 0.040625 0.05 0.028125
1 0.54765625 0.1265625 0.0546875 0.0296875
1 0.54765625 0.0796875 0.0546875 0.028125
1 0.54765625 0.0421875 0.05625 0.028125
1 0.54375 0.00625 0.0578125 0.0125
1 0.35 0.00625 0.053125 0.0125
0 0.553125 0.61015625 0.046875 0.025
0 0.35703125 0.60859375 0.0453125 0.025
0 0.16171875 0.60625 0.040625 0.0203125
0 0.3578125 0.63359375 0.046875 0.021875
0 0.55625 0.63671875 0.0484375 0.025
0 0.55390625 0.6609375 0.0453125 0.028125
0 0.3578125 0.66015625 0.046875 0.0265625
2 0.54765625 0.70625 0.065625 0.040625
2 0.353125 0.703125 0.05625 0.0328125
2 0.16015625 0.70078125 0.0625 0.0328125
2 0.3578125 0.85 0.05625 0.034375
2 0.55234375 0.85234375 0.065625 0.0375
0 0.5546875 0.8109375 0.04375 0.025
0 0.55859375 0.7859375 0.0484375 0.0265625
0 0.3609375 0.7828125 0.040625 0.021875
0 0.36171875 0.80859375 0.0421875 0.025
1 0.55625 0.75078125 0.05 0.0296875
1 0.5546875 0.89140625 0.053125 0.028125