1 0.7078125 0.11796875 0.053125 0.0296875
1 0.709375 0.165625 0.0546875 0.028125
1 0.70234375 0.2171875 0.053125 0.0296875
1 0.70703125 0.26875 0.053125 0.028125
1 0.7046875 0.315625 0.053125 0.028125
1 0.50078125 0.21796875 0.053125 0.028125
1 0.5046875 0.26953125 0.05 0.028125
1 0.50234375 0.31640625 0.05 0.028125
1 0.503125 0.34609375 0.046875 0.028125
1 0.503125 0.396875 0.05 0.028125
1 0.4984375 0.42890625 0.0515625 0.0265625
1 0.70546875 0.39375 0.046875 0.025
1 0.7015625 0.428125 0.0484375 0.028125
1 0.70546875 0.34375 0.046875 0.0265625
1 0.7015625 0.0203125 0.053125 0.028125
1 0.70859375 0.071875 0.053125 0.028125
0 0.6984375 0.46328125 0.0453125 0.025
0 0.49765625 0.46484375 0.046875 0.025
0 0.6984375 0.48828125 0.046875 0.025
0 0.496875 0.49140625 0.0484375 0.025
0 0.69921875 0.5125 0.04375 0.0234375
0 0.4984375 0.51640625 0.046875 0.0265625
2 0.503125 0.5625 0.059375 0.0359375
2 0.703125 0.56015625 0.0625 0.0375
1 0.4984375 0.60703125 0.05 0.028125
0 0.49296875 0.6421875 0.046875 0.028125
0 0.69609375 0.640625 0.04375 0.0234375
0 0.49296875 0.66875 0.05 0.0265625
0 0.69609375 0.665625 0.04375 0.025
2 0.49921875 0.7109375 0.0625 0.034375
2 0.70234375 0.7078125 0.0578125 0.034375
1 0.496875 0.7515625 0.046875 0.0265625
0 0.4953125 0.77890625 0.046875 0.025
0 0.4953125 0.80625 0.046875 0.028125
1 0.490625 0.8640625 0.0625 0.034375