1 0.821875 0.59296875 0.03125 0.05625
1 0.78203125 0.58984375 0.0328125 0.0625
1 0.73046875 0.58828125 0.0296875 0.05625
1 0.69140625 0.58828125 0.03125 0.05625
1 0.64140625 0.5890625 0.03125 0.0578125
1 0.5875 0.59140625 0.03125 0.059375
1 0.53359375 0.58671875 0.03125 0.0578125
1 0.48359375 0.5875 0.0296875 0.053125
1 0.434375 0.58515625 0.028125 0.05625
1 0.38125 0.59140625 0.03125 0.0546875
1 0.7828125 0.37578125 0.028125 0.05625
1 0.82421875 0.38203125 0.028125 0.0515625
1 0.73359375 0.3765625 0.03125 0.0546875
1 0.69296875 0.375 0.03125 0.05625
1 0.64453125 0.37578125 0.028125 0.05625
1 0.58984375 0.38203125 0.03125 0.05625
1 0.53671875 0.37578125 0.0296875 0.05625
1 0.48671875 0.37578125 0.03125 0.05625
1 0.96875 0.3765625 0.03125 0.0625
1 0.99140625 0.37421875 0.0171875 0.0609375
1 0.965625 0.584375 0.028125 0.059375
1 0.99140625 0.58828125 0.0171875 0.0609375
1 0.43671875 0.378125 0.0296875 0.0578125
1 0.3265625 0.58359375 0.03125 0.0546875
1 0.24609375 0.58984375 0.03125 0.053125
1 0.19296875 0.59140625 0.028125 0.05625
1 0.15859375 0.59296875 0.0296875 0.053125
0 0.11953125 0.59609375 0.0234375 0.04375
0 0.0921875 0.596875 0.0265625 0.05
0 0.065625 0.596875 0.028125 0.0453125
2 0.0171875 0.58984375 0.034375 0.0625
2 0.01875 0.37578125 0.0375 0.071875