1 0.52109375 0.215625 0.05 0.028125
1 0.5234375 0.2484375 0.053125 0.028125
1 0.525 0.296875 0.05 0.0296875
1 0.52421875 0.32578125 0.053125 0.028125
1 0.52578125 0.371875 0.05 0.028125
1 0.521875 0.42109375 0.0578125 0.0296875
1 0.528125 0.47109375 0.053125 0.0296875
1 0.52734375 0.51640625 0.05625 0.0296875
2 0.521875 0.08515625 0.065625 0.0375
0 0.51796875 0.12890625 0.05 0.028125
0 0.51640625 0.15625 0.05 0.025
0 0.51640625 0.18203125 0.05 0.025
1 0.52734375 0.5625 0.053125 0.028125
1 0.521875 0.6125 0.0546875 0.028125
1 0.52734375 0.6625 0.05 0.028125
1 0.52578125 0.70859375 0.05625 0.0296875
1 0.528125 0.7453125 0.05625 0.028125
1 0.721875 0.74765625 0.0578125 0.0296875
1 0.7234375 0.709375 0.053125 0.0296875
1 0.72421875 0.6640625 0.053125 0.0296875
1 0.71953125 0.6140625 0.05625 0.03125
1 0.725 0.5640625 0.05625 0.03125
1 0.72421875 0.51953125 0.053125 0.0296875
1 0.7234375 0.4734375 0.05625 0.0296875
1 0.71953125 0.4234375 0.0578125 0.03125
1 0.7234375 0.79296875 0.0546875 0.0296875
1 0.71875 0.83125 0.05625 0.03125
1 0.52109375 0.82890625 0.059375 0.028125
1 0.52421875 0.790625 0.0546875 0.0328125
1 0.725 0.37265625 0.05625 0.03125
1 0.72265625 0.32890625 0.0578125 0.028125
2 0.72109375 0.0875 0.0625 0.0328125
1 0.91796875 0.96796875 0.053125 0.03125
1 0.7234375 0.96328125 0.0515625 0.028125
1 0.72421875 0.9890625 0.05 0.021875