1 0.42265625 0.5515625 0.028125 0.053125
1 0.45078125 0.5515625 0.028125 0.053125
1 0.496875 0.55 0.0296875 0.053125
1 0.54609375 0.5453125 0.028125 0.053125
1 0.59453125 0.5515625 0.028125 0.053125
1 0.640625 0.55078125 0.03125 0.053125
1 0.68671875 0.55 0.028125 0.05
1 0.7359375 0.5453125 0.0296875 0.0515625
1 0.7859375 0.5515625 0.028125 0.053125
1 0.83125 0.5484375 0.0265625 0.053125
1 0.73671875 0.73515625 0.0296875 0.05625
1 0.7875 0.74140625 0.028125 0.05625
1 0.8328125 0.7421875 0.028125 0.053125
1 0.6875 0.7421875 0.0296875 0.053125
1 0.6421875 0.74140625 0.028125 0.053125
1 0.87734375 0.55 0.028125 0.0515625
1 0.92734375 0.5421875 0.0296875 0.053125
1 0.97734375 0.5484375 0.028125 0.053125
1 0.97890625 0.74296875 0.03125 0.053125
1 0.92890625 0.73515625 0.028125 0.053125
1 0.87890625 0.7421875 0.0296875 0.053125
1 0.93125 0.93046875 0.028125 0.0546875
1 0.59609375 0.74375 0.0265625 0.053125
1 0.546875 0.7375 0.028125 0.053125
1 0.496875 0.74140625 0.0296875 0.053125
1 0.2921875 0.54765625 0.0296875 0.05
1 0.25390625 0.55078125 0.03125 0.0546875
1 0.20859375 0.55078125 0.0296875 0.05
1 0.125 0.5515625 0.028125 0.053125