2 0.465625 0.28828125 0.06875 0.040625
2 0.2609375 0.28203125 0.078125 0.0375
2 0.0484375 0.28046875 0.065625 0.0421875
2 0.253125 0.33359375 0.06875 0.0328125
2 0.45859375 0.33984375 0.065625 0.034375
2 0.465625 0.390625 0.0625 0.0359375
2 0.25625 0.3859375 0.059375 0.0375
2 0.45859375 0.44296875 0.059375 0.0328125
2 0.253125 0.4359375 0.0625 0.03125
2 0.45546875 0.49140625 0.065625 0.03125
2 0.25078125 0.48515625 0.06875 0.034375
2 0.4578125 0.53984375 0.0625 0.040625
2 0.24921875 0.5328125 0.06875 0.0296875
2 0.4640625 0.58984375 0.0703125 0.034375
2 0.25859375 0.58359375 0.0609375 0.0359375
2 0.25 0.6375 0.05625 0.034375
2 0.45625 0.64140625 0.059375 0.034375
2 0.459375 0.6890625 0.0578125 0.0375
2 0.25078125 0.684375 0.05 0.034375
2 0.45546875 0.73671875 0.065625 0.034375
2 0.46171875 0.78828125 0.0625 0.034375
0 0.45859375 0.840625 0.05625 0.034375