2 0.69453125 0.47734375 0.040625 0.06875
2 0.7 0.27890625 0.0375 0.075
2 0.70234375 0.07265625 0.040625 0.0625
2 0.65 0.27109375 0.03125 0.065625
2 0.64375 0.46953125 0.034375 0.0640625
2 0.5953125 0.4765625 0.034375 0.059375
2 0.6 0.27421875 0.0359375 0.0578125
2 0.54453125 0.4703125 0.03125 0.0578125
2 0.5515625 0.27109375 0.03125 0.059375
2 0.49765625 0.4671875 0.03125 0.0625
2 0.50390625 0.26875 0.0328125 0.065625
2 0.45078125 0.46953125 0.0375 0.059375
2 0.4578125 0.26796875 0.028125 0.0671875
2 0.40234375 0.475 0.034375 0.06875
2 0.40859375 0.2765625 0.034375 0.059375
2 0.35625 0.26875 0.034375 0.053125
2 0.35234375 0.46796875 0.034375 0.05625
2 0.30625 0.47109375 0.0375 0.05625
2 0.31171875 0.26875 0.034375 0.046875
2 0.2609375 0.4671875 0.034375 0.0625
2 0.2109375 0.4734375 0.034375 0.059375
0 0.16015625 0.4703125 0.034375 0.053125