1 0.50546875 0.1953125 0.05625 0.03125
1 0.51171875 0.24765625 0.05625 0.0296875
1 0.5109375 0.29375 0.05625 0.0296875
1 0.509375 0.3421875 0.05625 0.0296875
1 0.50546875 0.39375 0.05625 0.028125
1 0.5125 0.14375 0.05625 0.0296875
1 0.5109375 0.44609375 0.059375 0.028125
1 0.51015625 0.49375 0.05625 0.0296875
1 0.509375 0.53125 0.05625 0.028125
1 0.71171875 0.34765625 0.05625 0.028125
1 0.70546875 0.3984375 0.053125 0.028125
1 0.7109375 0.45 0.05625 0.028125
1 0.7109375 0.29921875 0.053125 0.028125
1 0.71171875 0.4984375 0.053125 0.028125
1 0.71171875 0.53671875 0.053125 0.028125
1 0.7125 0.2515625 0.0546875 0.028125
1 0.70859375 0.2 0.0546875 0.028125
1 0.71328125 0.14921875 0.0625 0.0328125
1 0.7109375 0.58359375 0.0578125 0.0296875
1 0.70625 0.6234375 0.0546875 0.028125
1 0.50546875 0.61875 0.05625 0.028125
1 0.51015625 0.58046875 0.059375 0.0296875
1 0.71015625 0.7609375 0.0546875 0.0296875
1 0.709375 0.78984375 0.05625 0.028125
1 0.71015625 0.83828125 0.0546875 0.03125
1 0.7046875 0.88984375 0.05625 0.0296875
1 0.7109375 0.9421875 0.059375 0.028125
1 0.7125 0.98671875 0.05625 0.0265625
1 0.5109375 0.75703125 0.053125 0.028125
1 0.915625 0.98828125 0.0625 0.0234375
1 0.9140625 0.9453125 0.0578125 0.03125
1 0.9109375 0.89296875 0.0625 0.03125
1 0.91484375 0.83984375 0.0640625 0.0375
1 0.915625 0.7640625 0.053125 0.028125
1 0.9140625 0.79296875 0.059375 0.0328125
1 0.5046875 0.884375 0.075 0.0328125
1 0.50546875 0.834375 0.059375 0.0375
1 0.9125 0.628125 0.0640625 0.034375