2 0.03359375 0.3171875 0.0671875 0.040625
2 0.2328125 0.3203125 0.075 0.040625
2 0.4328125 0.32421875 0.0734375 0.04375
2 0.0328125 0.46875 0.0609375 0.03125
2 0.2359375 0.47265625 0.071875 0.040625
2 0.43515625 0.475 0.075 0.04375
0 0.24140625 0.4296875 0.0578125 0.028125
0 0.44609375 0.43046875 0.05 0.0265625
0 0.446875 0.4046875 0.053125 0.028125
0 0.034375 0.2171875 0.0484375 0.028125
0 0.240625 0.221875 0.05625 0.028125
0 0.440625 0.2234375 0.0546875 0.0296875
0 0.034375 0.24296875 0.053125 0.028125
0 0.240625 0.2484375 0.0515625 0.025
0 0.43984375 0.25 0.053125 0.0296875
0 0.0375 0.26875 0.0546875 0.03125
0 0.240625 0.27421875 0.05625 0.03125
0 0.44140625 0.27734375 0.05625 0.034375
0 0.24453125 0.4015625 0.05 0.0296875
0 0.0390625 0.42421875 0.05 0.03125
1 0.4453125 0.628125 0.06875 0.040625
1 0.2421875 0.6265625 0.059375 0.034375
1 0.4390625 0.1875 0.053125 0.028125
1 0.2359375 0.1515625 0.05625 0.0296875
1 0.2359375 0.0984375 0.0546875 0.028125
1 0.2359375 0.06953125 0.0546875 0.03125
1 0.2296875 0.02265625 0.0578125 0.0296875
1 0.23671875 0.18515625 0.053125 0.03125
1 0.44453125 0.51484375 0.0546875 0.0296875
0 0.4453125 0.54375 0.05 0.025
0 0.44453125 0.5703125 0.05 0.025
0 0.24453125 0.54140625 0.04375 0.028125
0 0.24375 0.5671875 0.05 0.0265625
0 0.24375 0.59609375 0.046875 0.025
1 0.4421875 0.36796875 0.0578125 0.028125
2 0.4359375 0.81875 0.071875 0.0375
2 0.44140625 0.8515625 0.0625 0.03125
2 0.43984375 0.88828125 0.0640625 0.0296875
2 0.43984375 0.93359375 0.071875 0.03125
2 0.4421875 0.97734375 0.0625 0.028125
1 0.4375 0.15234375 0.0515625 0.03125
1 0.43671875 0.1015625 0.05625 0.028125