1 0.459375 0.6 0.071875 0.0390625
1 0.4515625 0.54765625 0.0578125 0.03125
1 0.4546875 0.49453125 0.0609375 0.034375
1 0.45234375 0.4421875 0.059375 0.034375
1 0.45 0.39375 0.0609375 0.03125
1 0.44921875 0.346875 0.0609375 0.0390625
1 0.2546875 0.60234375 0.071875 0.04375
1 0.4546875 0.29296875 0.059375 0.03125
1 0.4484375 0.240625 0.0578125 0.0328125
1 0.4515625 0.19140625 0.059375 0.034375
1 0.25390625 0.984375 0.06875 0.03125
1 0.0453125 0.98671875 0.06875 0.025
1 0.45546875 0.98359375 0.0734375 0.0328125