1 0.528125 0.85390625 0.0546875 0.0328125
1 0.5234375 0.80390625 0.0515625 0.028125
1 0.52890625 0.753125 0.0515625 0.028125
1 0.52578125 0.70703125 0.05 0.0265625
1 0.5265625 0.67890625 0.05 0.028125
1 0.525 0.6296875 0.04375 0.025
1 0.5203125 0.59765625 0.046875 0.0265625
1 0.725 0.75703125 0.0484375 0.025
1 0.7203125 0.80546875 0.0515625 0.028125
1 0.72421875 0.85703125 0.0515625 0.0265625
1 0.721875 0.7109375 0.053125 0.028125
1 0.72265625 0.68125 0.0484375 0.025
1 0.72109375 0.6328125 0.05 0.0265625
1 0.71875 0.5984375 0.05 0.025
1 0.725 0.94921875 0.05 0.028125
1 0.7203125 0.9921875 0.05 0.015625
0 0.71484375 0.56484375 0.0453125 0.0265625
0 0.51796875 0.56328125 0.046875 0.025
0 0.71640625 0.540625 0.04375 0.025
0 0.51875 0.5390625 0.046875 0.0234375
0 0.71796875 0.5140625 0.04375 0.0265625
0 0.51953125 0.5125 0.046875 0.025
2 0.72109375 0.47109375 0.0578125 0.034375
2 0.52421875 0.46875 0.0625 0.0359375
1 0.51953125 0.4234375 0.046875 0.025
0 0.5171875 0.3890625 0.0453125 0.025
0 0.71171875 0.390625 0.04375 0.01875
0 0.51640625 0.3640625 0.0484375 0.021875
2 0.71796875 0.32578125 0.065625 0.0328125
2 0.521875 0.3234375 0.05625 0.03125
1 0.51953125 0.28359375 0.0484375 0.025
1 0.51328125 0.1734375 0.059375 0.034375
0 0.51640625 0.25546875 0.04375 0.0234375
0 0.51796875 0.23046875 0.04375 0.0265625