2 0.96875 0.53359375 0.0296875 0.053125
2 0.925 0.534375 0.028125 0.0546875
2 0.8828125 0.534375 0.028125 0.05
2 0.84375 0.53359375 0.028125 0.053125
2 0.8109375 0.53046875 0.0375 0.0671875
2 0.80546875 0.32421875 0.0359375 0.0671875
2 0.615625 0.33515625 0.0390625 0.065625
2 0.62109375 0.540625 0.0375 0.06875
2 0.4578125 0.32890625 0.0375 0.06875
2 0.46484375 0.5359375 0.040625 0.065625
2 0.39375 0.5421875 0.025 0.05
2 0.35703125 0.5390625 0.0296875 0.053125
2 0.3125 0.5328125 0.0375 0.0671875
2 0.30546875 0.3265625 0.0375 0.065625
2 0.353125 0.33203125 0.0296875 0.05625
2 0.30390625 0.1109375 0.0375 0.0640625
2 0.45546875 0.11484375 0.034375 0.065625
2 0.16953125 0.328125 0.028125 0.053125
2 0.1359375 0.32421875 0.028125 0.053125
2 0.16640625 0.1125 0.03125 0.0546875
2 0.1328125 0.109375 0.028125 0.053125
2 0.08125 0.1078125 0.0296875 0.0546875
2 0.05078125 0.1078125 0.028125 0.0578125
2 0.053125 0.3234375 0.028125 0.05625
2 0.084375 0.3234375 0.03125 0.05625
2 0.1421875 0.5328125 0.0265625 0.053125
2 0.1765625 0.53515625 0.03125 0.0578125
0 0.2140625 0.53671875 0.025 0.0453125
0 0.23984375 0.5375 0.025 0.0453125
0 0.265625 0.5359375 0.028125 0.05
0 0.259375 0.33203125 0.028125 0.05
0 0.2328125 0.33203125 0.0265625 0.05
0 0.20625 0.33203125 0.0265625 0.05
0 0.3890625 0.334375 0.028125 0.0484375
0 0.415625 0.33515625 0.028125 0.05
0 0.49921875 0.3328125 0.028125 0.059375
0 0.528125 0.33671875 0.0265625 0.053125
0 0.5546875 0.33515625 0.0265625 0.05
0 0.5828125 0.3359375 0.025 0.05
0 0.50625 0.5375 0.028125 0.05625
0 0.53359375 0.5421875 0.025 0.053125
0 0.56171875 0.53984375 0.0265625 0.0515625
0 0.58828125 0.54375 0.0265625 0.05
0 0.2046875 0.11640625 0.025 0.0484375
0 0.2296875 0.1171875 0.025 0.05
0 0.25546875 0.11640625 0.025 0.046875
2 0.3484375 0.11640625 0.03125 0.05625
0 0.3859375 0.11953125 0.025 0.04375
0 0.41171875 0.1203125 0.025 0.046875
2 0.609375 0.11796875 0.0390625 0.06875
0 0.496875 0.1140625 0.028125 0.05625