1 0.48203125 0.828125 0.05 0.028125
1 0.47890625 0.790625 0.0484375 0.028125
1 0.47890625 0.7453125 0.05 0.0265625
1 0.4796875 0.709375 0.0546875 0.025
1 0.47890625 0.6625 0.0484375 0.025
1 0.48515625 0.6140625 0.05 0.0265625
1 0.47734375 0.56484375 0.0484375 0.025
1 0.47890625 0.51953125 0.053125 0.0265625
1 0.4796875 0.4734375 0.05 0.028125
1 0.48203125 0.42578125 0.053125 0.025
1 0.478125 0.375 0.0453125 0.0265625
1 0.48046875 0.33125 0.0453125 0.03125
1 0.2859375 0.7484375 0.05 0.028125
1 0.2859375 0.79296875 0.05 0.0265625
1 0.2890625 0.83046875 0.05 0.028125
1 0.2859375 0.7109375 0.053125 0.0265625
1 0.28359375 0.665625 0.0546875 0.028125
1 0.28984375 0.61640625 0.053125 0.028125
1 0.2828125 0.56640625 0.053125 0.0296875
1 0.284375 0.521875 0.05625 0.028125
1 0.4796875 0.30234375 0.05 0.028125
1 0.47890625 0.25390625 0.05 0.0265625
1 0.48203125 0.2203125 0.05 0.028125
1 0.2828125 0.4765625 0.046875 0.025
0 0.48671875 0.18671875 0.04375 0.025
0 0.4875 0.16328125 0.04375 0.0234375
0 0.48671875 0.13671875 0.0390625 0.025
2 0.48203125 0.09296875 0.0609375 0.0375
2 0.28515625 0.09375 0.0578125 0.03125
1 0.28828125 0.42734375 0.0484375 0.028125
1 0.08984375 0.96640625 0.053125 0.0265625
1 0.28359375 0.96171875 0.053125 0.025
1 0.28359375 0.98828125 0.0453125 0.0234375