1 0.4796875 0.78515625 0.05 0.028125
1 0.47734375 0.753125 0.053125 0.028125
1 0.47578125 0.7046875 0.05 0.0296875
1 0.4765625 0.67578125 0.0515625 0.028125
1 0.475 0.6296875 0.0484375 0.028125
1 0.47890625 0.58125 0.05625 0.0296875
1 0.47265625 0.53125 0.053125 0.0296875
1 0.4734375 0.4859375 0.05625 0.0296875
2 0.47890625 0.91484375 0.065625 0.0375
0 0.4828125 0.871875 0.05 0.028125
0 0.484375 0.84453125 0.0484375 0.025
0 0.484375 0.81875 0.05 0.025
1 0.4734375 0.440625 0.053125 0.028125
1 0.47890625 0.390625 0.053125 0.028125
1 0.4734375 0.34140625 0.05 0.028125
1 0.475 0.2953125 0.05625 0.0296875
1 0.47265625 0.25859375 0.05625 0.028125
1 0.2796875 0.25703125 0.0578125 0.0296875
1 0.278125 0.29453125 0.053125 0.0296875
1 0.27734375 0.3390625 0.053125 0.0296875
1 0.2828125 0.3890625 0.05625 0.03125
1 0.27734375 0.4390625 0.05625 0.03125
1 0.27734375 0.48359375 0.053125 0.0296875
1 0.278125 0.52890625 0.05625 0.0296875
1 0.2828125 0.57890625 0.05625 0.03125
1 0.27890625 0.2109375 0.0546875 0.028125
1 0.28359375 0.17265625 0.05625 0.0296875
1 0.48046875 0.17578125 0.059375 0.028125
1 0.4765625 0.2140625 0.0546875 0.0328125
1 0.27734375 0.6296875 0.05625 0.03125
1 0.27890625 0.6734375 0.05625 0.028125
2 0.28046875 0.9125 0.0625 0.0328125
1 0.08515625 0.0375 0.053125 0.03125
1 0.27890625 0.04140625 0.0515625 0.028125
1 0.278125 0.0140625 0.05 0.028125