1 0.53359375 0.2890625 0.0640625 0.0375
1 0.54140625 0.33828125 0.053125 0.028125
1 0.53671875 0.38828125 0.053125 0.028125
1 0.5421875 0.4375 0.053125 0.028125
1 0.5421875 0.48359375 0.0546875 0.028125
1 0.5421875 0.528125 0.0515625 0.03125
1 0.72890625 0.2875 0.0671875 0.0359375
1 0.7375 0.33671875 0.053125 0.028125
1 0.73046875 0.3859375 0.053125 0.03125
1 0.7359375 0.43671875 0.05625 0.028125
1 0.53671875 0.578125 0.0578125 0.03125
1 0.54140625 0.628125 0.0546875 0.03125
1 0.5421875 0.6734375 0.059375 0.03125
1 0.54375 0.71875 0.05625 0.0296875
1 0.53828125 0.76875 0.05625 0.0296875
1 0.54296875 0.81796875 0.053125 0.0296875
1 0.5453125 0.8625 0.05625 0.0328125
1 0.54453125 0.89296875 0.065625 0.0296875