1 0.48046875 0.603125 0.053125 0.028125
1 0.4765625 0.6390625 0.05 0.028125
1 0.47578125 0.68515625 0.05625 0.03125
1 0.4765625 0.721875 0.0515625 0.028125
1 0.47734375 0.471875 0.0515625 0.028125
1 0.47734375 0.44296875 0.0515625 0.028125
1 0.4765625 0.3984375 0.05625 0.028125
1 0.48125 0.3484375 0.05625 0.0296875
1 0.28125 0.46953125 0.0515625 0.0265625
1 0.28046875 0.440625 0.053125 0.028125
1 0.28125 0.396875 0.0515625 0.028125
1 0.28671875 0.346875 0.05625 0.028125
1 0.28203125 0.29609375 0.05 0.028125
1 0.28203125 0.2515625 0.05625 0.03125
1 0.28125 0.2046875 0.053125 0.028125
1 0.28671875 0.15625 0.053125 0.0296875
1 0.28203125 0.10546875 0.053125 0.028125
1 0.28125 0.0609375 0.053125 0.028125
1 0.28203125 0.0140625 0.0546875 0.028125
1 0.47890625 0.2078125 0.05 0.0296875
1 0.48359375 0.1578125 0.0546875 0.028125
1 0.478125 0.253125 0.053125 0.028125
1 0.4765625 0.29921875 0.0515625 0.028125
1 0.478125 0.0625 0.0546875 0.028125
1 0.4734375 0.76796875 0.053125 0.0296875
1 0.48125 0.8171875 0.053125 0.028125
1 0.47421875 0.86640625 0.05625 0.028125
1 0.28671875 0.60078125 0.0578125 0.028125
1 0.4765625 0.1078125 0.059375 0.03125