2 0.5265625 0.715625 0.059375 0.034375
2 0.71953125 0.7140625 0.0625 0.03125
0 0.52265625 0.6703125 0.04375 0.025
0 0.52109375 0.64453125 0.04375 0.0234375
0 0.51953125 0.62109375 0.04375 0.025
0 0.71796875 0.6203125 0.040625 0.021875
1 0.52109375 0.759375 0.0484375 0.025
1 0.71875 0.58515625 0.046875 0.028125
1 0.52421875 0.58671875 0.046875 0.025
1 0.52578125 0.55390625 0.046875 0.0265625
1 0.528125 0.50390625 0.0484375 0.025
1 0.52734375 0.47734375 0.046875 0.025
1 0.53046875 0.43125 0.0453125 0.025
1 0.721875 0.50390625 0.05 0.025
1 0.7265625 0.43046875 0.0484375 0.025
1 0.52578125 0.38203125 0.053125 0.028125
1 0.72109375 0.3796875 0.053125 0.028125
1 0.72578125 0.33125 0.05 0.028125
1 0.725 0.28515625 0.046875 0.028125
1 0.5296875 0.2875 0.05 0.028125
1 0.725 0.23984375 0.05 0.028125
1 0.528125 0.24140625 0.046875 0.0265625
1 0.5234375 0.19140625 0.0484375 0.028125
1 0.71875 0.18984375 0.053125 0.028125
1 0.72578125 0.1390625 0.0515625 0.0265625
1 0.53046875 0.1421875 0.05 0.025
1 0.528125 0.096875 0.05 0.025
1 0.72578125 0.09453125 0.053125 0.028125
1 0.72421875 0.05703125 0.05 0.0265625
1 0.71640625 0.64296875 0.0390625 0.021875
1 0.71640625 0.66875 0.040625 0.0234375
2 0.52265625 0.85859375 0.0609375 0.0296875
0 0.51875 0.81796875 0.04375 0.021875
0 0.51796875 0.79375 0.0484375 0.025
0 0.71328125 0.79296875 0.040625 0.021875
0 0.71328125 0.815625 0.04375 0.021875
1 0.52109375 0.9 0.04375 0.025