2 0.51015625 0.14453125 0.0546875 0.03125
2 0.5171875 0.196875 0.0625 0.034375
2 0.5109375 0.24921875 0.0609375 0.034375
2 0.51015625 0.29765625 0.05625 0.03125
2 0.5109375 0.34609375 0.0609375 0.03125
2 0.515625 0.4 0.0609375 0.03125
2 0.5125 0.45078125 0.053125 0.028125
2 0.51171875 0.49921875 0.059375 0.03125
0 0.51015625 0.53828125 0.0578125 0.0296875
2 0.51328125 0.5875 0.05625 0.028125
2 0.51875 0.628125 0.05625 0.03125
2 0.30859375 0.63203125 0.059375 0.03125
2 0.30546875 0.59375 0.0578125 0.03125
0 0.3046875 0.54453125 0.0546875 0.03125
2 0.30625 0.50546875 0.059375 0.03125
2 0.30390625 0.45703125 0.053125 0.03125
2 0.31015625 0.40546875 0.0546875 0.0328125
2 0.30234375 0.35078125 0.05 0.028125
2 0.30390625 0.7734375 0.05625 0.028125
2 0.30390625 0.80234375 0.05 0.028125
0 0.303125 0.85 0.05625 0.0328125
2 0.309375 0.90390625 0.05625 0.03125
2 0.30390625 0.95625 0.05625 0.03125
2 0.303125 0.99453125 0.0546875 0.0109375
2 0.515625 0.9921875 0.0546875 0.015625
2 0.5203125 0.896875 0.0546875 0.03125
2 0.51484375 0.79765625 0.0546875 0.0296875
2 0.51484375 0.76640625 0.05625 0.028125
2 0.5125 0.95 0.059375 0.03125