2 0.52421875 0.38203125 0.053125 0.028125
2 0.528125 0.42734375 0.05625 0.028125
2 0.528125 0.4671875 0.0546875 0.028125
2 0.528125 0.5125 0.05625 0.028125
2 0.528125 0.55 0.05625 0.028125
1 0.53203125 0.58515625 0.065625 0.03125
1 0.74140625 0.58515625 0.065625 0.0375
1 0.734375 0.5515625 0.05625 0.028125
1 0.7359375 0.51328125 0.053125 0.028125
1 0.7328125 0.471875 0.053125 0.034375
1 0.73671875 0.428125 0.05 0.028125
1 0.72890625 0.7734375 0.06875 0.0375
1 0.52109375 0.77265625 0.075 0.0390625
1 0.5265625 0.8875 0.05625 0.028125
2 0.73515625 0.93046875 0.065625 0.0359375
2 0.940625 0.934375 0.065625 0.0390625
2 0.5296875 0.928125 0.065625 0.0375
0 0.73046875 0.80546875 0.0484375 0.0265625
0 0.73125 0.83359375 0.05 0.0265625
0 0.72890625 0.859375 0.0515625 0.028125
0 0.7296875 0.9734375 0.05 0.0265625
0 0.525 0.8296875 0.05 0.0265625
0 0.5234375 0.8578125 0.046875 0.025
0 0.5234375 0.97109375 0.046875 0.028125
0 0.9328125 0.86640625 0.0546875 0.028125
0 0.93359375 0.8375 0.0515625 0.028125
0 0.93359375 0.8109375 0.0515625 0.0296875
0 0.93515625 0.97890625 0.05 0.0265625