1 0.4765625 0.5265625 0.040625 0.06875
1 0.52734375 0.5375 0.03125 0.0625
1 0.5765625 0.53046875 0.0328125 0.059375
1 0.625 0.5328125 0.03125 0.05625
1 0.671875 0.534375 0.03125 0.059375
1 0.71640625 0.5359375 0.03125 0.065625
1 0.765625 0.53046875 0.034375 0.0625
1 0.4765625 0.721875 0.0390625 0.071875
1 0.109375 0.91875 0.0390625 0.065625
1 0.1140625 0.725 0.0359375 0.071875
1 0.1140625 0.52734375 0.0375 0.075
1 0.81484375 0.534375 0.03125 0.059375
1 0.86015625 0.53515625 0.03125 0.0625
1 0.525 0.728125 0.034375 0.059375
1 0.57265625 0.72265625 0.034375 0.0625
1 0.9046875 0.53828125 0.03125 0.0546875