1 0.5296875 0.53125 0.0671875 0.040625
1 0.53984375 0.48046875 0.0609375 0.03125
1 0.53359375 0.43203125 0.059375 0.03125
1 0.5359375 0.384375 0.05625 0.03125
1 0.5375 0.33828125 0.059375 0.03125
1 0.53828125 0.29375 0.0640625 0.03125
1 0.53359375 0.24453125 0.0625 0.034375
1 0.72265625 0.53125 0.071875 0.0375
1 0.91796875 0.89453125 0.065625 0.0375
1 0.72578125 0.890625 0.071875 0.0359375
1 0.53046875 0.88984375 0.0734375 0.0375
1 0.5375 0.196875 0.059375 0.03125
1 0.53828125 0.15078125 0.0609375 0.03125
1 0.72890625 0.48359375 0.0578125 0.034375
1 0.7234375 0.4359375 0.0625 0.0328125
1 0.540625 0.10703125 0.053125 0.03125