1 0.36953125 0.5484375 0.03125 0.0578125
1 0.33046875 0.553125 0.03125 0.053125
1 0.28125 0.553125 0.0328125 0.059375
1 0.24140625 0.553125 0.03125 0.05625
1 0.51015625 0.55234375 0.0296875 0.05625
1 0.54140625 0.55234375 0.0296875 0.05625
1 0.58984375 0.553125 0.03125 0.059375
1 0.64375 0.546875 0.03125 0.059375
1 0.51328125 0.7625 0.028125 0.05625
1 0.54453125 0.76328125 0.03125 0.0578125
1 0.59140625 0.7625 0.03125 0.05625
1 0.6453125 0.75703125 0.03125 0.059375
1 0.7 0.7625 0.03125 0.0546875
1 0.74765625 0.7625 0.0328125 0.0609375
1 0.79765625 0.7625 0.03125 0.0578125
1 0.85 0.75625 0.03125 0.0578125
1 0.9046875 0.76171875 0.03125 0.0578125
1 0.953125 0.76328125 0.03125 0.0578125
1 0.99375 0.76171875 0.0125 0.059375
1 0.79453125 0.55 0.03125 0.0546875
1 0.8484375 0.5453125 0.0296875 0.059375
1 0.74609375 0.55078125 0.03125 0.05625
1 0.696875 0.553125 0.0296875 0.05625
1 0.95078125 0.55078125 0.03125 0.059375
1 0.1921875 0.55625 0.03125 0.05625
1 0.1390625 0.54765625 0.03125 0.05625
1 0.0859375 0.5546875 0.03125 0.059375
1 0.371875 0.75703125 0.03125 0.0625
1 0.90234375 0.55234375 0.034375 0.0625