1 0.54609375 0.44140625 0.078125 0.040625
1 0.553125 0.49296875 0.05625 0.03125
1 0.54765625 0.54453125 0.0578125 0.028125
1 0.55390625 0.5953125 0.053125 0.0296875
1 0.74375 0.43984375 0.065625 0.0375
1 0.553125 0.64296875 0.05625 0.028125
1 0.553125 0.690625 0.05625 0.0296875
1 0.54765625 0.74140625 0.05625 0.028125
1 0.55546875 0.79375 0.053125 0.03125
1 0.55546875 0.840625 0.05625 0.0296875
1 0.746875 0.06015625 0.0671875 0.0375
1 0.73828125 0.02890625 0.05625 0.03125
1 0.94921875 0.05703125 0.065625 0.0375
1 0.54609375 0.0625 0.0625 0.040625
1 0.540625 0.028125 0.053125 0.0296875
1 0.94140625 0.025 0.053125 0.0296875
1 0.55390625 0.8875 0.0578125 0.034375