2 0.52578125 0.42109375 0.059375 0.03125
2 0.5296875 0.46484375 0.05625 0.0328125
2 0.5296875 0.50859375 0.059375 0.03125
2 0.52890625 0.553125 0.05625 0.03125
2 0.52890625 0.5921875 0.0609375 0.03125
2 0.53125 0.62734375 0.071875 0.040625
2 0.74296875 0.6328125 0.071875 0.040625
2 0.73984375 0.5984375 0.0625 0.03125
2 0.7390625 0.56015625 0.059375 0.034375
2 0.740625 0.515625 0.059375 0.03125
2 0.7390625 0.471875 0.059375 0.028125
2 0.73515625 0.428125 0.059375 0.0296875
2 0.7328125 0.8265625 0.075 0.040625
2 0.740625 0.9828125 0.06875 0.034375
2 0.5203125 0.81953125 0.06875 0.0390625
2 0.52890625 0.9796875 0.0671875 0.040625
0 0.7328125 0.859375 0.046875 0.025
0 0.73125 0.88828125 0.05 0.0265625
0 0.7328125 0.915625 0.046875 0.03125
0 0.7359375 0.9453125 0.059375 0.0296875
0 0.52578125 0.9375 0.05625 0.0296875
0 0.52421875 0.90859375 0.05 0.025
0 0.52109375 0.88125 0.0484375 0.028125
0 0.51953125 0.853125 0.0515625 0.0265625
2 0.95234375 0.82890625 0.0765625 0.0421875
0 0.953125 0.8625 0.046875 0.025
0 0.953125 0.88984375 0.05 0.025
0 0.95234375 0.9171875 0.0484375 0.0265625
0 0.95546875 0.946875 0.0546875 0.03125
2 0.95859375 0.98515625 0.0671875 0.0296875
2 0.9640625 0.63359375 0.071875 0.0375
2 0.96015625 0.56484375 0.053125 0.028125