1 0.584375 0.453125 0.028125 0.05625
1 0.5546875 0.45390625 0.028125 0.0578125
1 0.50703125 0.45390625 0.028125 0.059375
1 0.45546875 0.4609375 0.028125 0.05625
1 0.403125 0.45546875 0.03125 0.05625
1 0.3546875 0.45390625 0.03125 0.05625
1 0.30703125 0.4546875 0.03125 0.0578125
1 0.25546875 0.46015625 0.03125 0.0546875
1 0.203125 0.45546875 0.03125 0.0546875
1 0.1546875 0.45546875 0.0296875 0.053125
1 0.10625 0.45546875 0.03125 0.053125
1 0.05390625 0.46171875 0.03125 0.05625
1 0.009375 0.45703125 0.01875 0.05625
1 0.05234375 0.26015625 0.03125 0.059375
1 0.0078125 0.25546875 0.015625 0.0546875
1 0.10546875 0.253125 0.03125 0.05625
1 0.15390625 0.2546875 0.03125 0.059375
1 0.2015625 0.25546875 0.03125 0.05625
1 0.25390625 0.26015625 0.03125 0.05625
1 0.3046875 0.25234375 0.034375 0.05625
1 0.35390625 0.2546875 0.0328125 0.05625
1 0.4015625 0.25390625 0.03125 0.0625
1 0.453125 0.259375 0.03125 0.05625
1 0.721875 0.45546875 0.03125 0.0546875
1 0.7609375 0.45390625 0.0375 0.059375
1 0.8078125 0.4546875 0.03125 0.05625
1 0.84609375 0.453125 0.034375 0.0609375
1 0.89609375 0.44921875 0.0296875 0.059375