1 0.5625 0.38359375 0.06875 0.034375
1 0.55390625 0.43828125 0.059375 0.03125
1 0.5609375 0.48984375 0.059375 0.034375
1 0.35390625 0.38125 0.06875 0.040625
1 0.5546875 0.54296875 0.0546875 0.028125
1 0.55078125 0.64140625 0.05 0.03125
1 0.56015625 0.69453125 0.05 0.03125
1 0.34609375 0.43515625 0.05625 0.0328125
1 0.55234375 0.746875 0.053125 0.03125
1 0.553125 0.79453125 0.053125 0.03125
1 0.55234375 0.84453125 0.05 0.028125
1 0.553125 0.5890625 0.0625 0.0359375
1 0.56015625 0.00703125 0.071875 0.0140625
1 0.3515625 0.00625 0.06875 0.0125