1 0.47421875 0.178125 0.05625 0.03125
1 0.4703125 0.21875 0.053125 0.03125
1 0.4703125 0.26875 0.05625 0.028125
1 0.47109375 0.30859375 0.059375 0.028125
1 0.4703125 0.359375 0.053125 0.028125
1 0.4765625 0.41328125 0.0546875 0.028125
1 0.46875 0.46796875 0.053125 0.028125
1 0.4703125 0.51796875 0.0578125 0.028125
1 0.47109375 0.56875 0.0546875 0.03125
1 0.4734375 0.62109375 0.059375 0.028125
1 0.46953125 0.6765625 0.05 0.0296875
1 0.471875 0.72421875 0.05 0.034375
1 0.2578125 0.265625 0.05625 0.03125
1 0.2578125 0.21640625 0.05625 0.0296875
1 0.26171875 0.175 0.05625 0.03125
1 0.2578125 0.30625 0.05625 0.0296875
1 0.25546875 0.35703125 0.059375 0.03125
1 0.2625 0.4109375 0.05625 0.03125
1 0.2546875 0.46640625 0.059375 0.0328125
1 0.25546875 0.51484375 0.0609375 0.03125
1 0.47109375 0.75625 0.05625 0.03125
1 0.4703125 0.81015625 0.053125 0.0296875
1 0.47421875 0.846875 0.05625 0.0296875
1 0.25390625 0.56484375 0.053125 0.028125
0 0.47890625 0.88359375 0.0484375 0.028125
0 0.4796875 0.909375 0.046875 0.025
0 0.47890625 0.93828125 0.04375 0.028125
2 0.4734375 0.9828125 0.0671875 0.034375
2 0.25703125 0.984375 0.0640625 0.03125
1 0.26015625 0.61953125 0.053125 0.03125
1 0.04140625 0.025 0.059375 0.028125
1 0.25546875 0.03046875 0.059375 0.028125
1 0.25546875 0.00703125 0.05 0.0140625