1 0.51875 0.38125 0.053125 0.03125
1 0.52421875 0.41953125 0.053125 0.0296875
1 0.5234375 0.465625 0.05625 0.03125
1 0.5234375 0.5046875 0.0546875 0.03125
1 0.525 0.55078125 0.053125 0.03125
1 0.51953125 0.6015625 0.05625 0.03125
1 0.52578125 0.6515625 0.05625 0.028125
1 0.5265625 0.69921875 0.059375 0.0296875
1 0.52734375 0.74609375 0.053125 0.03125
1 0.521875 0.79609375 0.05625 0.03125
1 0.528125 0.84765625 0.05625 0.03125
1 0.725 0.4171875 0.0578125 0.03125
1 0.7203125 0.37890625 0.0578125 0.03125
1 0.72421875 0.4640625 0.053125 0.03125
1 0.72578125 0.50234375 0.05625 0.03125
1 0.728125 0.54921875 0.053125 0.03125
1 0.72109375 0.6 0.05625 0.0296875
1 0.72421875 0.64921875 0.053125 0.0328125
1 0.725 0.24375 0.05625 0.0296875
1 0.72265625 0.21484375 0.053125 0.028125
1 0.725 0.16875 0.0546875 0.03125
1 0.71875 0.1171875 0.05625 0.03125
1 0.725 0.06640625 0.0546875 0.03125
1 0.725 0.01953125 0.0546875 0.03125
1 0.5234375 0.24609375 0.05625 0.0296875
1 0.52265625 0.2171875 0.0546875 0.0296875
1 0.52421875 0.1703125 0.05625 0.028125
1 0.5171875 0.11953125 0.0578125 0.0328125
1 0.52265625 0.06796875 0.053125 0.0296875
1 0.52109375 0.02109375 0.05625 0.028125
1 0.92578125 0.23828125 0.05625 0.0296875
1 0.5234375 0.89609375 0.05625 0.03125