2 0.55859375 0.49921875 0.034375 0.0640625
2 0.51484375 0.49921875 0.028125 0.065625
2 0.47265625 0.50078125 0.03125 0.05625
2 0.43046875 0.496875 0.0296875 0.059375
2 0.3921875 0.49921875 0.028125 0.05625
1 0.4265625 0.70703125 0.028125 0.05
1 0.3890625 0.70390625 0.0265625 0.053125
1 0.3578125 0.709375 0.034375 0.0625
1 0.3578125 0.5046875 0.03125 0.065625
1 0.46953125 0.70703125 0.028125 0.0546875
1 0.51328125 0.70625 0.028125 0.053125
1 0.16875 0.69921875 0.034375 0.06875
1 0.171875 0.49453125 0.034375 0.065625
1 0.05546875 0.4984375 0.028125 0.053125
1 0.05546875 0.70234375 0.03125 0.0578125
2 0.01484375 0.70390625 0.0296875 0.0625
2 0.0171875 0.50234375 0.034375 0.0625
0 0.08515625 0.49453125 0.025 0.046875
0 0.11171875 0.4953125 0.0265625 0.0515625
0 0.1359375 0.70078125 0.025 0.046875
0 0.109375 0.70078125 0.025 0.0453125
0 0.08203125 0.7 0.025 0.05
1 0.05 0.90390625 0.028125 0.05
2 0.01328125 0.90546875 0.025 0.0640625
0 0.07890625 0.9015625 0.0265625 0.046875
0 0.1046875 0.9015625 0.025 0.046875
0 0.13203125 0.90078125 0.0265625 0.046875