1 0.47734375 0.16015625 0.053125 0.03125
1 0.48203125 0.209375 0.05 0.028125
1 0.4765625 0.259375 0.05 0.0265625
1 0.4796875 0.30390625 0.05 0.025
1 0.4796875 0.33125 0.05 0.028125
1 0.48046875 0.3796875 0.04375 0.025
1 0.48515625 0.4109375 0.046875 0.025
1 0.28515625 0.25546875 0.046875 0.025
1 0.28984375 0.2078125 0.05 0.028125
1 0.28515625 0.1578125 0.05 0.0265625
1 0.28828125 0.30078125 0.0515625 0.028125
1 0.28671875 0.3296875 0.046875 0.025
1 0.28828125 0.3765625 0.046875 0.025
1 0.290625 0.41015625 0.0484375 0.025
1 0.284375 0.0671875 0.05 0.0265625
1 0.2890625 0.01875 0.05 0.025
0 0.29453125 0.44296875 0.04375 0.025
0 0.4875 0.4453125 0.046875 0.025
0 0.29296875 0.4671875 0.04375 0.025
0 0.48671875 0.46875 0.046875 0.0234375
0 0.2921875 0.49296875 0.04375 0.025
0 0.4859375 0.49453125 0.0453125 0.025
2 0.28828125 0.53515625 0.05625 0.0328125
2 0.48125 0.5375 0.0609375 0.034375
1 0.4859375 0.58203125 0.046875 0.025
0 0.48828125 0.615625 0.04375 0.025
0 0.29765625 0.6140625 0.0421875 0.01875
0 0.4890625 0.640625 0.046875 0.021875
2 0.29140625 0.678125 0.0625 0.03125
2 0.48359375 0.68046875 0.05625 0.0296875
1 0.4859375 0.71953125 0.046875 0.025
1 0.4921875 0.82734375 0.0578125 0.034375
0 0.4890625 0.74609375 0.04375 0.0234375
0 0.4875 0.77109375 0.04375 0.025