2 0.5109375 0.415625 0.065625 0.0375
2 0.5046875 0.56484375 0.0640625 0.0375
2 0.5109375 0.6296875 0.0453125 0.025
2 0.50859375 0.66484375 0.0484375 0.028125
2 0.5015625 0.70703125 0.065625 0.0375
2 0.3109375 0.56953125 0.0625 0.0359375
2 0.31640625 0.42265625 0.0625 0.034375
2 0.5 0.2359375 0.0640625 0.0375
2 0.50390625 0.20546875 0.05625 0.028125
2 0.5046875 0.1703125 0.053125 0.028125
2 0.3125 0.6703125 0.053125 0.028125
2 0.30625 0.71484375 0.0625 0.0359375
2 0.30859375 0.84140625 0.0546875 0.028125
2 0.3078125 0.87421875 0.05 0.0265625
2 0.30546875 0.921875 0.05 0.025
2 0.30625 0.9515625 0.05 0.028125
2 0.103125 0.953125 0.05 0.0265625
2 0.10390625 0.925 0.046875 0.028125
2 0.10625 0.87578125 0.053125 0.0265625
2 0.10625 0.84453125 0.05 0.0265625
2 0.10390625 0.715625 0.065625 0.034375
2 0.1125 0.67109375 0.0515625 0.03125
0 0.1109375 0.809375 0.04375 0.025
0 0.1109375 0.784375 0.046875 0.0234375
0 0.1109375 0.76015625 0.046875 0.025
0 0.3140625 0.80703125 0.0484375 0.025
0 0.31328125 0.78203125 0.0453125 0.021875
0 0.31328125 0.75859375 0.046875 0.0265625
0 0.3171875 0.63515625 0.046875 0.025
0 0.31640625 0.6109375 0.0453125 0.025
0 0.31328125 0.53046875 0.05 0.028125
0 0.31640625 0.50390625 0.05 0.025
0 0.315625 0.47890625 0.05 0.025
0 0.31796875 0.453125 0.05 0.0265625
0 0.51015625 0.44765625 0.046875 0.025
0 0.5109375 0.4734375 0.046875 0.025
0 0.51015625 0.4984375 0.046875 0.0234375
0 0.50859375 0.525 0.05 0.025
0 0.51015625 0.60390625 0.046875 0.025
0 0.5078125 0.75234375 0.053125 0.028125
0 0.509375 0.7765625 0.053125 0.025
0 0.50625 0.80078125 0.0515625 0.025
0 0.11328125 0.63671875 0.053125 0.028125
0 0.1109375 0.61015625 0.046875 0.025
2 0.30546875 0.24375 0.065625 0.034375