2 0.50703125 0.8625 0.053125 0.03125
2 0.5 0.8109375 0.059375 0.034375
2 0.50625 0.7609375 0.059375 0.0328125
2 0.50703125 0.71328125 0.05625 0.03125
2 0.50625 0.66640625 0.059375 0.03125
2 0.5015625 0.6140625 0.059375 0.03125
2 0.5046875 0.5640625 0.053125 0.028125
2 0.50546875 0.5171875 0.0578125 0.0296875
0 0.5078125 0.4796875 0.05625 0.028125
2 0.50390625 0.43125 0.0546875 0.028125
2 0.49921875 0.3921875 0.05625 0.03125
2 0.703125 0.38828125 0.0578125 0.0296875
2 0.70625 0.42578125 0.05625 0.0296875
0 0.70625 0.4734375 0.053125 0.03125
2 0.70546875 0.5109375 0.059375 0.028125
2 0.7078125 0.55859375 0.05 0.0296875
2 0.70234375 0.6078125 0.053125 0.03125
2 0.70859375 0.6609375 0.0484375 0.0265625
2 0.7078125 0.25078125 0.0546875 0.028125
2 0.7078125 0.22265625 0.05 0.028125
0 0.70859375 0.17578125 0.053125 0.03125
2 0.70234375 0.12421875 0.0546875 0.03125
2 0.7078125 0.0734375 0.053125 0.03125
2 0.70859375 0.025 0.053125 0.03125
2 0.50234375 0.03125 0.053125 0.028125
2 0.49765625 0.13046875 0.053125 0.03125
2 0.50234375 0.22734375 0.053125 0.028125
2 0.50234375 0.2578125 0.05625 0.028125
2 0.50546875 0.07890625 0.05625 0.03125