2 0.47890625 0.42734375 0.053125 0.028125
2 0.475 0.47265625 0.05625 0.028125
2 0.47578125 0.51171875 0.053125 0.028125
2 0.47578125 0.55625 0.05625 0.028125
2 0.475 0.59296875 0.05625 0.028125
1 0.471875 0.62890625 0.065625 0.03125
1 0.26484375 0.628125 0.065625 0.0375
1 0.271875 0.5953125 0.05625 0.028125
1 0.2703125 0.5578125 0.0515625 0.028125
1 0.2734375 0.51640625 0.053125 0.0328125
1 0.26953125 0.47265625 0.05 0.028125
1 0.27734375 0.81484375 0.06875 0.0375
1 0.4828125 0.81328125 0.075 0.0375
1 0.47734375 0.92734375 0.05625 0.028125
2 0.2703125 0.96953125 0.0640625 0.0359375
2 0.06796875 0.97421875 0.065625 0.0390625
2 0.47421875 0.9671875 0.0640625 0.0375
0 0.27578125 0.846875 0.0484375 0.0265625
0 0.275 0.87421875 0.05 0.025
0 0.27734375 0.9 0.0515625 0.0265625
0 0.478125 0.8703125 0.05 0.0265625
0 0.48046875 0.8984375 0.046875 0.025
0 0.07578125 0.90703125 0.053125 0.028125
0 0.075 0.878125 0.05 0.028125
0 0.075 0.8515625 0.05 0.028125