1 0.459375 0.79296875 0.05 0.025
1 0.4578125 0.7609375 0.053125 0.025
1 0.45546875 0.71171875 0.05 0.0265625
1 0.45625 0.6828125 0.05 0.028125
1 0.4546875 0.6375 0.053125 0.028125
1 0.459375 0.58671875 0.053125 0.028125
1 0.45390625 0.5359375 0.053125 0.028125
1 0.453125 0.490625 0.05 0.028125
1 0.453125 0.4453125 0.0515625 0.028125
1 0.459375 0.39453125 0.05625 0.028125
1 0.4546875 0.34453125 0.05625 0.03125
1 0.45546875 0.29765625 0.0515625 0.028125
1 0.45390625 0.26171875 0.0546875 0.0265625
1 0.45546875 0.215625 0.053125 0.028125
1 0.46015625 0.178125 0.053125 0.03125
1 0.26640625 0.17578125 0.05625 0.0296875
1 0.26171875 0.2140625 0.0578125 0.028125
1 0.25859375 0.2609375 0.053125 0.028125
1 0.26015625 0.29765625 0.05625 0.028125
1 0.26015625 0.34375 0.0546875 0.028125
1 0.26640625 0.39296875 0.05625 0.0296875
1 0.2609375 0.4421875 0.0515625 0.028125
1 0.2625 0.4890625 0.053125 0.028125
1 0.2625 0.5359375 0.053125 0.028125
0 0.4640625 0.828125 0.046875 0.025
0 0.4625 0.85390625 0.04375 0.021875
0 0.46328125 0.878125 0.0453125 0.028125
2 0.4578125 0.92421875 0.0625 0.0328125
0 0.26796875 0.828125 0.0359375 0.0203125
0 0.26875 0.8515625 0.0421875 0.021875
0 0.26796875 0.87734375 0.040625 0.021875
1 0.45625 0.04375 0.053125 0.028125
1 0.45546875 0.0140625 0.05 0.0265625
1 0.26015625 0.0421875 0.05 0.028125
1 0.2625 0.01484375 0.0546875 0.0296875