2 0.49375 0.0546875 0.0453125 0.028125
2 0.49921875 0.0953125 0.05 0.028125
2 0.4984375 0.1359375 0.05 0.028125
2 0.4984375 0.17578125 0.046875 0.025
2 0.49921875 0.21171875 0.05 0.028125
2 0.50234375 0.24296875 0.0625 0.0359375
2 0.69453125 0.24765625 0.0625 0.034375
2 0.684375 0.425 0.0609375 0.0375
2 0.4921875 0.41953125 0.0625 0.0359375
2 0.68984375 0.571875 0.0640625 0.034375
2 0.496875 0.565625 0.0609375 0.0375
2 0.49140625 0.63125 0.046875 0.025
2 0.49453125 0.665625 0.05 0.028125
2 0.5 0.7078125 0.0625 0.0359375
2 0.6921875 0.7140625 0.0609375 0.034375
2 0.6875 0.66953125 0.053125 0.028125
2 0.89375 0.715625 0.059375 0.034375
2 0.8890625 0.57421875 0.0609375 0.0328125
2 0.690625 0.840625 0.05 0.0265625
2 0.69375 0.871875 0.05 0.0265625
2 0.8921875 0.84296875 0.05 0.028125
2 0.8953125 0.875 0.05 0.0265625
2 0.89609375 0.92265625 0.05 0.028125
2 0.89609375 0.9515625 0.053125 0.0265625
2 0.6953125 0.94921875 0.0515625 0.025
2 0.69453125 0.91953125 0.053125 0.028125
2 0.5 0.86640625 0.0484375 0.025
2 0.49765625 0.834375 0.053125 0.028125
0 0.49609375 0.79921875 0.04375 0.025
0 0.4953125 0.775 0.0421875 0.0234375
0 0.496875 0.75078125 0.046875 0.025
0 0.6875 0.75703125 0.046875 0.0265625
0 0.6875 0.78125 0.046875 0.025
0 0.68671875 0.80625 0.046875 0.025
0 0.684375 0.6359375 0.04375 0.025
0 0.684375 0.6109375 0.046875 0.025
0 0.6859375 0.5328125 0.0546875 0.025
0 0.6828125 0.50625 0.05 0.025
0 0.684375 0.48125 0.046875 0.025
0 0.68359375 0.45546875 0.046875 0.025
0 0.4953125 0.52734375 0.053125 0.025
0 0.49140625 0.50078125 0.05 0.025
0 0.49296875 0.475 0.0484375 0.025
0 0.48984375 0.45078125 0.046875 0.025
0 0.88828125 0.8078125 0.0453125 0.0234375
0 0.8875 0.784375 0.046875 0.021875
0 0.88828125 0.7609375 0.04375 0.021875
2 0.88828125 0.6734375 0.0515625 0.028125
0 0.88515625 0.6390625 0.040625 0.025
0 0.884375 0.61484375 0.04375 0.021875
2 0.88671875 0.43125 0.0625 0.0375
0 0.88984375 0.53515625 0.053125 0.025