1 0.475 0.153125 0.0546875 0.03125
1 0.4796875 0.20234375 0.05 0.028125
1 0.47421875 0.253125 0.05 0.0265625
1 0.47734375 0.2984375 0.05 0.025
1 0.4765625 0.3265625 0.05 0.028125
1 0.478125 0.375 0.04375 0.025
1 0.4828125 0.40703125 0.046875 0.025
1 0.28046875 0.24921875 0.0484375 0.025
1 0.28515625 0.20078125 0.05 0.028125
1 0.28125 0.15078125 0.05 0.0265625
1 0.28359375 0.2953125 0.053125 0.028125
1 0.2828125 0.32421875 0.046875 0.025
1 0.28359375 0.371875 0.0484375 0.025
1 0.2859375 0.40625 0.05 0.025
1 0.2796875 0.059375 0.05 0.028125
1 0.284375 0.01171875 0.05 0.0234375
0 0.290625 0.4390625 0.04375 0.025
0 0.48515625 0.440625 0.046875 0.025
0 0.28828125 0.46328125 0.04375 0.025
0 0.484375 0.46484375 0.046875 0.0234375
0 0.2875 0.48984375 0.04375 0.0265625
0 0.48359375 0.49140625 0.0453125 0.025
2 0.284375 0.53203125 0.05625 0.0328125
2 0.47890625 0.534375 0.0625 0.0359375
1 0.48359375 0.5796875 0.046875 0.025
0 0.4859375 0.61328125 0.0453125 0.025
0 0.29296875 0.61171875 0.0421875 0.01875
0 0.48671875 0.63828125 0.046875 0.021875
2 0.2875 0.6765625 0.0640625 0.03125
2 0.48125 0.678125 0.05625 0.03125
1 0.48359375 0.71796875 0.046875 0.025
1 0.48984375 0.82734375 0.059375 0.034375
0 0.48671875 0.7453125 0.04375 0.0234375
0 0.48515625 0.7703125 0.04375 0.025