1 0.45546875 0.18515625 0.0515625 0.028125
1 0.45859375 0.22265625 0.05625 0.03125
1 0.459375 0.26953125 0.053125 0.028125
1 0.46015625 0.30625 0.053125 0.028125
1 0.459375 0.353125 0.053125 0.028125
1 0.45703125 0.403125 0.05625 0.028125
1 0.46171875 0.453125 0.053125 0.0296875
1 0.4609375 0.49921875 0.05 0.028125
1 0.4625 0.54453125 0.0515625 0.0265625
1 0.45703125 0.59453125 0.05 0.028125
1 0.65703125 0.22109375 0.053125 0.028125
1 0.6515625 0.1828125 0.0484375 0.0265625
1 0.65625 0.2671875 0.05 0.028125
1 0.6578125 0.3046875 0.0515625 0.028125
1 0.65703125 0.35 0.0515625 0.0265625
1 0.65078125 0.40078125 0.053125 0.028125
1 0.65703125 0.45 0.053125 0.028125
1 0.65703125 0.496875 0.053125 0.028125
1 0.65625 0.04921875 0.0578125 0.0296875
1 0.6578125 0.0203125 0.05625 0.028125
1 0.46328125 0.0515625 0.05625 0.0265625
1 0.45859375 0.02109375 0.05625 0.0265625
1 0.65546875 0.54296875 0.053125 0.028125
1 0.4640625 0.6453125 0.05 0.0296875
1 0.45859375 0.71953125 0.0484375 0.028125
1 0.45703125 0.76875 0.053125 0.0265625
1 0.45546875 0.80078125 0.05 0.028125
0 0.453125 0.8375 0.040625 0.021875
0 0.45234375 0.8625 0.046875 0.025
0 0.45234375 0.88671875 0.0421875 0.025
2 0.4578125 0.93359375 0.059375 0.034375
2 0.65703125 0.93125 0.0671875 0.0375