2 0.759375 0.721875 0.0578125 0.03125
2 0.76015625 0.67421875 0.05625 0.0296875
2 0.753125 0.62109375 0.0609375 0.034375
2 0.7578125 0.56796875 0.0546875 0.034375
2 0.759375 0.51953125 0.053125 0.028125
2 0.75859375 0.47109375 0.05625 0.03125
2 0.75234375 0.41796875 0.0609375 0.0296875
2 0.75703125 0.3671875 0.05625 0.028125
2 0.55078125 0.803125 0.0578125 0.025
0 0.55 0.7546875 0.05625 0.0296875
2 0.54921875 0.715625 0.0625 0.0375
2 0.55078125 0.66640625 0.0578125 0.034375
2 0.54296875 0.6140625 0.059375 0.03125
2 0.55 0.5625 0.0625 0.03125
2 0.5484375 0.5140625 0.059375 0.034375
2 0.55 0.46484375 0.0546875 0.028125
2 0.54375 0.4125 0.0578125 0.0296875
2 0.55078125 0.359375 0.059375 0.03125
2 0.54765625 0.31171875 0.053125 0.03125
2 0.55 0.28046875 0.05625 0.028125
2 0.5453125 0.2296875 0.05625 0.028125
2 0.54453125 0.19453125 0.0609375 0.028125
2 0.75859375 0.809375 0.059375 0.0265625
0 0.76171875 0.76171875 0.05625 0.03125
2 0.75703125 0.84921875 0.05625 0.03125
2 0.97265625 0.98671875 0.0546875 0.0265625
2 0.7578125 0.9859375 0.065625 0.028125