1 0.46640625 0.53984375 0.059375 0.0296875
1 0.4671875 0.51015625 0.059375 0.0296875
1 0.4671875 0.4609375 0.0625 0.0296875
1 0.47421875 0.40703125 0.059375 0.028125
1 0.46875 0.35390625 0.059375 0.03125
1 0.4671875 0.30390625 0.059375 0.0328125
1 0.46796875 0.2546875 0.059375 0.03125
1 0.4734375 0.2015625 0.05625 0.03125
1 0.46875 0.14765625 0.05625 0.03125
1 0.46953125 0.0984375 0.05625 0.03125
1 0.46875 0.0484375 0.0546875 0.03125
1 0.47578125 0.00546875 0.059375 0.0109375
1 0.26640625 0.0046875 0.0609375 0.009375
1 0.26015625 0.046875 0.0578125 0.0328125
1 0.2625 0.096875 0.0625 0.03125
1 0.26328125 0.14609375 0.059375 0.03125
1 0.26796875 0.2 0.059375 0.03125
1 0.26015625 0.25234375 0.059375 0.0359375
1 0.26171875 0.303125 0.059375 0.034375
1 0.26171875 0.35234375 0.0640625 0.034375
1 0.2671875 0.4046875 0.05625 0.03125
1 0.46875 0.68203125 0.05625 0.03125
1 0.4671875 0.721875 0.0625 0.040625
1 0.46796875 0.7703125 0.0578125 0.03125
1 0.4671875 0.81015625 0.0625 0.034375
1 0.4625 0.8609375 0.0625 0.03125