2 0.0546875 0.07265625 0.040625 0.0734375
2 0.059375 0.2875 0.040625 0.06875
2 0.06328125 0.496875 0.0421875 0.0671875
2 0.19296875 0.50546875 0.034375 0.0625
1 0.10390625 0.290625 0.0359375 0.0625
1 0.2234375 0.29453125 0.0390625 0.075
1 0.2265625 0.50625 0.040625 0.071875
1 0.42421875 0.4953125 0.0390625 0.071875
1 0.42421875 0.2828125 0.04375 0.078125
1 0.45859375 0.4984375 0.0328125 0.065625
1 0.45703125 0.28984375 0.03125 0.0625
1 0.496875 0.28671875 0.03125 0.059375
1 0.4984375 0.49609375 0.03125 0.0625
1 0.54296875 0.49765625 0.03125 0.059375
0 0.190625 0.29296875 0.0296875 0.0515625
0 0.1609375 0.29375 0.0296875 0.05625
0 0.1328125 0.29140625 0.028125 0.0546875
0 0.01484375 0.29296875 0.0296875 0.059375
0 0.18671875 0.078125 0.03125 0.05625
0 0.15703125 0.0796875 0.03125 0.05625
0 0.12734375 0.08125 0.03125 0.05625
0 0.01171875 0.07734375 0.0234375 0.053125
0 0.1625 0.5046875 0.025 0.053125
0 0.134375 0.50546875 0.0265625 0.05625
0 0.01640625 0.50546875 0.025 0.046875
1 0.58828125 0.4984375 0.0296875 0.05625
1 0.63359375 0.5015625 0.03125 0.053125
1 0.5421875 0.2859375 0.0328125 0.0625
1 0.2171875 0.08203125 0.034375 0.065625
1 0.5875 0.28515625 0.03125 0.059375
1 0.63359375 0.29140625 0.03125 0.053125