2 0.3015625 0.9390625 0.040625 0.075
2 0.30546875 0.74453125 0.0375 0.071875
2 0.30859375 0.553125 0.040625 0.0703125
2 0.44765625 0.9359375 0.03125 0.059375
2 0.45078125 0.7421875 0.040625 0.06875
2 0.453125 0.55078125 0.040625 0.071875
0 0.41015625 0.7359375 0.028125 0.05625
0 0.4109375 0.540625 0.025 0.046875
0 0.3859375 0.53984375 0.028125 0.053125
0 0.20703125 0.934375 0.028125 0.046875
0 0.2109375 0.73671875 0.0265625 0.053125
0 0.2125 0.5453125 0.028125 0.053125
0 0.23125 0.934375 0.025 0.05
0 0.23671875 0.7375 0.025 0.05
0 0.23828125 0.54609375 0.028125 0.05
0 0.25625 0.93125 0.03125 0.053125
0 0.26171875 0.73671875 0.0296875 0.053125
0 0.26484375 0.54453125 0.03125 0.053125
0 0.38359375 0.73359375 0.028125 0.0484375
0 0.4046875 0.9296875 0.03125 0.05
1 0.6 0.54140625 0.0375 0.065625
1 0.59921875 0.73515625 0.0328125 0.05625
1 0.17890625 0.54765625 0.028125 0.05
1 0.14375 0.74140625 0.028125 0.053125
1 0.09375 0.74140625 0.028125 0.053125
1 0.065625 0.74140625 0.028125 0.053125
1 0.0203125 0.74765625 0.028125 0.0546875
1 0.17578125 0.740625 0.0296875 0.05
1 0.49140625 0.5421875 0.028125 0.053125
0 0.51953125 0.54140625 0.025 0.0484375
0 0.5453125 0.54140625 0.025 0.046875
0 0.5171875 0.73359375 0.025 0.040625
0 0.5421875 0.734375 0.025 0.046875
0 0.56953125 0.734375 0.0234375 0.0453125
1 0.3515625 0.54453125 0.028125 0.0546875
2 0.7828125 0.55 0.034375 0.06875
2 0.8140625 0.5453125 0.03125 0.059375
2 0.84921875 0.54609375 0.028125 0.0609375
2 0.8921875 0.546875 0.028125 0.06875
2 0.934375 0.54453125 0.0265625 0.0609375
2 0.97265625 0.5421875 0.0359375 0.0625
1 0.1453125 0.54921875 0.0296875 0.05
1 0.09609375 0.54921875 0.0265625 0.053125