1 0.36484375 0.475 0.028125 0.05
1 0.4015625 0.47265625 0.028125 0.05
1 0.446875 0.47109375 0.025 0.0546875
1 0.4828125 0.471875 0.03125 0.05625
1 0.52734375 0.46953125 0.0296875 0.053125
1 0.5765625 0.4765625 0.0296875 0.053125
1 0.625 0.46953125 0.028125 0.0515625
1 0.6703125 0.4703125 0.028125 0.0546875
1 0.715625 0.4703125 0.03125 0.053125
1 0.76328125 0.475 0.03125 0.053125
1 0.8125 0.46875 0.0296875 0.053125
1 0.85703125 0.4734375 0.028125 0.053125
1 0.2359375 0.47109375 0.028125 0.0515625
1 0.20625 0.471875 0.028125 0.0515625
1 0.1625 0.471875 0.028125 0.053125
1 0.1140625 0.478125 0.028125 0.053125
1 0.06484375 0.47265625 0.03125 0.0546875
1 0.01953125 0.475 0.028125 0.053125
1 0.01796875 0.28046875 0.03125 0.0546875
1 0.06328125 0.2796875 0.03125 0.053125
1 0.11171875 0.284375 0.028125 0.053125
1 0.1609375 0.28046875 0.03125 0.0546875
1 0.20546875 0.278125 0.028125 0.0515625
1 0.23359375 0.27734375 0.028125 0.05625
1 0.36328125 0.28203125 0.0296875 0.053125
1 0.4 0.27890625 0.028125 0.05
1 0.44375 0.27890625 0.028125 0.053125
1 0.48046875 0.2796875 0.0296875 0.053125
1 0.5265625 0.27734375 0.028125 0.053125
1 0.575 0.2828125 0.028125 0.053125
1 0.6234375 0.27734375 0.03125 0.05625
1 0.22890625 0.08671875 0.028125 0.05