1 0.4203125 0.43671875 0.065625 0.040625
1 0.41484375 0.55234375 0.05625 0.03125
1 0.2171875 0.4390625 0.065625 0.0375
1 0.21171875 0.55234375 0.0609375 0.03125
1 0.41484375 0.70234375 0.059375 0.0328125
1 0.20546875 0.8875 0.05625 0.03125
1 0.41171875 0.8859375 0.059375 0.03125
2 0.015625 0.6 0.03125 0.0390625
2 0.2078125 0.596875 0.0734375 0.0421875
2 0.41328125 0.5953125 0.071875 0.0375
2 0.0171875 0.75625 0.034375 0.0421875
2 0.20625 0.75 0.075 0.0390625
2 0.4109375 0.74765625 0.0796875 0.040625
0 0.4171875 0.84765625 0.05625 0.028125
0 0.015625 0.85546875 0.03125 0.0296875
0 0.20703125 0.85 0.05625 0.0296875
0 0.01484375 0.828125 0.0296875 0.0296875
0 0.20859375 0.825 0.0625 0.03125
0 0.4140625 0.82265625 0.0609375 0.028125
0 0.20859375 0.79609375 0.059375 0.028125
0 0.415625 0.79375 0.06875 0.03125
0 0.015625 0.79921875 0.03125 0.0296875
0 0.2125 0.6671875 0.0515625 0.0296875
0 0.41953125 0.6640625 0.053125 0.028125
0 0.41796875 0.6375 0.05625 0.03125
0 0.2109375 0.6390625 0.0484375 0.028125
0 0.0171875 0.646875 0.034375 0.028125
0 0.21171875 0.5265625 0.0609375 0.03125
0 0.21171875 0.4984375 0.053125 0.0328125
0 0.21328125 0.46796875 0.065625 0.034375
0 0.4171875 0.5234375 0.059375 0.028125
0 0.4171875 0.49453125 0.059375 0.03125
1 0.20390625 0.975 0.0546875 0.0296875
1 0.20390625 0.9953125 0.053125 0.009375
1 0.20703125 0.9234375 0.0546875 0.0328125
1 0.41171875 0.971875 0.053125 0.03125
2 0.41328125 0.24375 0.0625 0.034375
2 0.41875 0.209375 0.0625 0.03125
2 0.41875 0.1734375 0.0625 0.0296875
2 0.41953125 0.1265625 0.065625 0.0375
2 0.4171875 0.08203125 0.059375 0.0328125