2 0.4984375 0.778125 0.0671875 0.0359375
0 0.49765625 0.74765625 0.046875 0.025
0 0.49765625 0.72265625 0.046875 0.025
0 0.496875 0.696875 0.046875 0.025
0 0.49296875 0.66953125 0.046875 0.028125
2 0.4921875 0.63046875 0.0625 0.0359375
0 0.4953125 0.590625 0.046875 0.025
2 0.49453125 0.56328125 0.046875 0.025
2 0.4921875 0.5296875 0.0453125 0.025
2 0.4875 0.48515625 0.0625 0.034375
0 0.49296875 0.440625 0.046875 0.025
0 0.49375 0.41640625 0.046875 0.025
0 0.49453125 0.39140625 0.046875 0.025
2 0.48984375 0.35625 0.053125 0.028125
2 0.48828125 0.32421875 0.05 0.028125
2 0.48515625 0.2734375 0.0515625 0.025
2 0.4859375 0.24453125 0.053125 0.025
2 0.2890625 0.23984375 0.0484375 0.025
2 0.2875 0.26875 0.053125 0.028125
2 0.29140625 0.3171875 0.0515625 0.025
2 0.290625 0.35078125 0.05 0.028125
0 0.296875 0.3859375 0.04375 0.025
0 0.2953125 0.4109375 0.04375 0.0265625
0 0.29765625 0.4359375 0.04375 0.025
2 0.2921875 0.47890625 0.0625 0.0359375
2 0.2953125 0.5234375 0.05 0.0296875
0 0.29921875 0.559375 0.04375 0.0265625
0 0.3 0.58359375 0.040625 0.025
2 0.29609375 0.6234375 0.0625 0.03125
0 0.296875 0.6640625 0.05 0.028125
0 0.2984375 0.69140625 0.046875 0.025
2 0.08671875 0.315625 0.0484375 0.025
2 0.084375 0.265625 0.05625 0.0265625
2 0.08359375 0.2375 0.05 0.025
2 0.3 0.7734375 0.0671875 0.0375
0 0.303125 0.74140625 0.0515625 0.025
0 0.30078125 0.71640625 0.0515625 0.028125
2 0.28671875 0.19375 0.05625 0.0296875
2 0.29375 0.14453125 0.053125 0.0296875
2 0.2859375 0.09375 0.05 0.028125
2 0.28828125 0.0484375 0.0515625 0.028125
2 0.484375 0.2 0.046875 0.028125