1 0.4359375 0.40859375 0.03125 0.059375
1 0.47109375 0.41015625 0.0296875 0.0546875
1 0.52421875 0.4125 0.03125 0.0578125
1 0.55390625 0.4109375 0.03125 0.053125
1 0.60390625 0.4140625 0.028125 0.05625
1 0.65859375 0.4078125 0.0296875 0.05625
1 0.7125 0.41484375 0.028125 0.0578125
1 0.76171875 0.415625 0.03125 0.0578125
1 0.81171875 0.41484375 0.028125 0.0578125
1 0.86640625 0.40703125 0.03125 0.059375
1 0.8140625 0.62265625 0.03125 0.0578125
1 0.765625 0.6234375 0.03125 0.05625
1 0.71484375 0.62578125 0.028125 0.053125
1 0.6609375 0.62109375 0.03125 0.05625
1 0.60625 0.6265625 0.0296875 0.05625
1 0.5578125 0.6171875 0.0296875 0.05625
1 0.525 0.62109375 0.03125 0.0578125
1 0.471875 0.6171875 0.034375 0.0609375
1 0.4375 0.6140625 0.0296875 0.05625
1 0.86796875 0.61953125 0.0296875 0.05625
1 0.921875 0.62421875 0.028125 0.05625
1 0.97265625 0.625 0.03125 0.05625
1 0.91953125 0.4125 0.03125 0.059375
1 0.9703125 0.4125 0.0296875 0.059375
0 0.3984375 0.40703125 0.028125 0.05
0 0.4 0.61796875 0.028125 0.05
0 0.403125 0.828125 0.021875 0.04375
0 0.3734375 0.6171875 0.025 0.05
0 0.36953125 0.40390625 0.025 0.053125
0 0.34375 0.40546875 0.0296875 0.05
0 0.34453125 0.6171875 0.028125 0.05
2 0.29453125 0.4125 0.0421875 0.0703125
2 0.2984375 0.62265625 0.0359375 0.0625
2 0.30078125 0.83046875 0.034375 0.065625
2 0.140625 0.6171875 0.0375 0.0625
2 0.1375 0.4078125 0.0390625 0.071875
0 0.18203125 0.4046875 0.0265625 0.046875
0 0.209375 0.40078125 0.028125 0.0515625
0 0.2125 0.61328125 0.0234375 0.04375
0 0.18515625 0.6125 0.028125 0.046875
1 0.246875 0.403125 0.03125 0.053125
1 0.0953125 0.4046875 0.03125 0.05625