2 0.46171875 0.4265625 0.065625 0.03125
2 0.459375 0.47265625 0.053125 0.028125
2 0.46015625 0.51484375 0.059375 0.028125
2 0.46484375 0.559375 0.059375 0.03125
2 0.46171875 0.59609375 0.05625 0.03125
2 0.4578125 0.6296875 0.06875 0.0375
1 0.25 0.63046875 0.06875 0.0375
1 0.465625 0.8203125 0.065625 0.0359375
1 0.2625 0.82109375 0.0703125 0.0375
1 0.45859375 0.93515625 0.0578125 0.03125
1 0.25703125 0.9359375 0.0609375 0.0296875
2 0.45859375 0.97578125 0.0671875 0.0390625
2 0.2546875 0.978125 0.065625 0.0375
2 0.0484375 0.98203125 0.071875 0.0359375
0 0.05390625 0.85625 0.046875 0.03125
0 0.053125 0.88515625 0.05 0.025
0 0.05390625 0.9140625 0.053125 0.028125
0 0.2609375 0.853125 0.05 0.028125
0 0.26015625 0.88125 0.053125 0.0265625
0 0.2609375 0.9078125 0.053125 0.0296875
0 0.46484375 0.85 0.05625 0.028125
0 0.46640625 0.8796875 0.053125 0.028125
0 0.4640625 0.90625 0.053125 0.028125
1 0.2546875 0.5984375 0.0578125 0.03125