1 0.546875 0.43046875 0.053125 0.028125
1 0.546875 0.459375 0.053125 0.028125
1 0.54609375 0.50546875 0.053125 0.0296875
1 0.540625 0.5546875 0.053125 0.028125
1 0.546875 0.603125 0.053125 0.028125
1 0.54609375 0.6484375 0.053125 0.03125
1 0.54609375 0.69453125 0.05 0.028125
1 0.540625 0.74375 0.0515625 0.0296875
1 0.546875 0.79375 0.053125 0.028125
1 0.54375 0.83984375 0.053125 0.0265625
1 0.73046875 0.7453125 0.05625 0.0296875
1 0.7375 0.79609375 0.05625 0.028125
1 0.73828125 0.840625 0.053125 0.028125
1 0.7375 0.69609375 0.053125 0.0296875
1 0.7375 0.65 0.053125 0.028125
1 0.54609375 0.88515625 0.0515625 0.028125
1 0.53828125 0.9359375 0.053125 0.0296875
1 0.54453125 0.98515625 0.053125 0.0296875
1 0.73828125 0.98515625 0.0546875 0.0296875
1 0.73046875 0.9375 0.053125 0.028125
1 0.7375 0.88671875 0.053125 0.0296875
1 0.9265625 0.93984375 0.0546875 0.028125
1 0.7390625 0.6046875 0.053125 0.0265625
1 0.73359375 0.55546875 0.053125 0.028125
1 0.73671875 0.5046875 0.053125 0.0296875
1 0.54296875 0.3 0.05 0.0296875
1 0.54609375 0.2625 0.0546875 0.03125
1 0.546875 0.2171875 0.05 0.0296875
1 0.54765625 0.13359375 0.053125 0.028125