2 0.565625 0.58046875 0.0625 0.03125
2 0.56796875 0.5359375 0.053125 0.028125
2 0.5671875 0.49453125 0.05625 0.028125
2 0.5625 0.4515625 0.0578125 0.0296875
2 0.565625 0.41484375 0.0546875 0.03125
2 0.56953125 0.38203125 0.065625 0.0375
1 0.77265625 0.38125 0.0671875 0.0375
1 0.56171875 0.1953125 0.065625 0.034375
1 0.76015625 0.19453125 0.06875 0.0375
1 0.56796875 0.08359375 0.05625 0.03125
1 0.76640625 0.0828125 0.059375 0.028125
2 0.56875 0.04375 0.065625 0.0375
2 0.76796875 0.04140625 0.0640625 0.0375
2 0.9671875 0.03671875 0.065625 0.0375
0 0.9640625 0.1609375 0.046875 0.0296875
0 0.96484375 0.13203125 0.046875 0.025
0 0.96484375 0.1046875 0.0515625 0.028125
0 0.76171875 0.16328125 0.0484375 0.028125
0 0.7625 0.1359375 0.053125 0.025
0 0.76171875 0.11015625 0.0515625 0.028125
0 0.5625 0.16640625 0.053125 0.028125
0 0.56171875 0.13828125 0.0515625 0.028125
0 0.56328125 0.11171875 0.053125 0.028125
0 0.56171875 0.00859375 0.0515625 0.0171875
0 0.7609375 0.00703125 0.0484375 0.0140625
0 0.96328125 0.00546875 0.05 0.0109375
1 0.76796875 0.4125 0.05625 0.03125