1 0.53046875 0.084375 0.0671875 0.0375
1 0.53984375 0.13515625 0.05625 0.03125
1 0.53359375 0.1859375 0.05625 0.03125
1 0.53828125 0.23671875 0.0546875 0.0296875
1 0.5390625 0.28203125 0.0546875 0.03125
1 0.53828125 0.3296875 0.059375 0.03125
1 0.5328125 0.38046875 0.05625 0.028125
1 0.734375 0.184375 0.0546875 0.03125
1 0.7390625 0.13359375 0.0546875 0.03125
1 0.73125 0.08203125 0.0640625 0.0375
1 0.73984375 0.23359375 0.053125 0.028125
1 0.73984375 0.28125 0.05625 0.03125
1 0.73828125 0.32734375 0.0546875 0.028125
1 0.73515625 0.378125 0.053125 0.028125
1 0.5390625 0.43046875 0.05625 0.03125
1 0.5390625 0.4765625 0.059375 0.03125
1 0.7390625 0.42890625 0.053125 0.0296875
1 0.53984375 0.52265625 0.053125 0.028125
1 0.7390625 0.47421875 0.05625 0.03125
1 0.53359375 0.57421875 0.05625 0.028125
1 0.540625 0.625 0.05625 0.0296875
1 0.53984375 0.67109375 0.053125 0.028125
1 0.53984375 0.7 0.05625 0.028125
1 0.73984375 0.521875 0.05625 0.0296875
1 0.53671875 0.83359375 0.053125 0.03125
1 0.5421875 0.871875 0.053125 0.028125
1 0.734375 0.571875 0.059375 0.03125