2 0.40390625 0.4890625 0.0328125 0.0625
2 0.43671875 0.4859375 0.028125 0.053125
2 0.471875 0.4875 0.025 0.05
2 0.5140625 0.48671875 0.028125 0.0515625
2 0.5546875 0.48828125 0.028125 0.05
2 0.596875 0.484375 0.028125 0.05
2 0.590625 0.68125 0.025 0.05
2 0.5484375 0.684375 0.025 0.05
2 0.50703125 0.68359375 0.028125 0.05
2 0.465625 0.684375 0.028125 0.05
2 0.43125 0.68359375 0.028125 0.05
2 0.3984375 0.68671875 0.034375 0.0609375
2 0.2171875 0.67734375 0.034375 0.0625
2 0.2234375 0.4796875 0.034375 0.0625
2 0.07421875 0.48515625 0.0328125 0.059375
2 0.0671875 0.684375 0.034375 0.0640625
0 0.1078125 0.6796875 0.0265625 0.053125
0 0.13515625 0.67734375 0.025 0.05
0 0.1609375 0.678125 0.025 0.046875
0 0.1859375 0.67890625 0.0234375 0.046875
0 0.0265625 0.678125 0.025 0.046875
0 0.11328125 0.484375 0.025 0.05
0 0.140625 0.48046875 0.025 0.04375
0 0.1671875 0.4796875 0.025 0.046875
0 0.19375 0.4796875 0.0265625 0.046875
2 0.06484375 0.8890625 0.0375 0.0625
2 0.21484375 0.88203125 0.034375 0.059375
0 0.18359375 0.884375 0.0234375 0.04375
0 0.1578125 0.88203125 0.0234375 0.0453125
0 0.1328125 0.8828125 0.0265625 0.046875
0 0.1046875 0.88515625 0.028125 0.053125
0 0.02421875 0.884375 0.025 0.05
2 0.396875 0.89453125 0.034375 0.065625