1 0.559375 0.60703125 0.0734375 0.0359375
1 0.76640625 0.6046875 0.0734375 0.0375
1 0.5703125 0.8015625 0.0671875 0.034375
1 0.56875 0.8359375 0.0546875 0.03125
1 0.5671875 0.87421875 0.053125 0.03125
1 0.5671875 0.91875 0.0609375 0.0328125
1 0.5671875 0.15078125 0.065625 0.0296875
1 0.5609375 0.33828125 0.0546875 0.034375
1 0.565625 0.4875 0.0640625 0.03125
1 0.77109375 0.4875 0.059375 0.034375
1 0.77109375 0.15 0.0578125 0.028125
1 0.77421875 0.11328125 0.053125 0.03125
1 0.77578125 0.0609375 0.05625 0.03125
1 0.775 0.0296875 0.05625 0.03125
1 0.978125 0.14609375 0.04375 0.03125
1 0.978125 0.11015625 0.04375 0.0328125
1 0.97890625 0.0578125 0.0421875 0.034375
1 0.76875 0.33515625 0.0625 0.03125
0 0.9765625 0.20859375 0.046875 0.0296875
0 0.9765625 0.23828125 0.046875 0.03125
0 0.76875 0.1875 0.05 0.028125
0 0.76796875 0.2140625 0.0546875 0.028125
0 0.76953125 0.24140625 0.0546875 0.028125
0 0.56171875 0.1890625 0.053125 0.028125
0 0.5640625 0.21640625 0.053125 0.028125
0 0.56328125 0.2421875 0.053125 0.0296875
2 0.97578125 0.28515625 0.046875 0.0375
2 0.77578125 0.2890625 0.075 0.04375
2 0.56640625 0.290625 0.06875 0.040625
2 0.975 0.44140625 0.05 0.0359375
2 0.77265625 0.44453125 0.071875 0.040625
2 0.565625 0.44609375 0.075 0.040625
0 0.97578125 0.396875 0.046875 0.021875
0 0.76640625 0.4 0.0515625 0.028125
0 0.7640625 0.37265625 0.053125 0.028125
0 0.56171875 0.37578125 0.053125 0.0265625
0 0.56015625 0.40390625 0.053125 0.028125
0 0.56015625 0.5171875 0.05625 0.028125
0 0.56015625 0.5453125 0.05625 0.028125
2 0.55859375 0.5734375 0.05625 0.028125
0 0.7671875 0.5171875 0.0484375 0.025
0 0.76484375 0.54453125 0.0546875 0.028125
0 0.76328125 0.5734375 0.059375 0.034375
1 0.56875 0.115625 0.0546875 0.028125
1 0.56640625 0.06328125 0.05625 0.03125
1 0.56796875 0.03359375 0.053125 0.03125
0 0.97578125 0.51328125 0.0484375 0.028125
0 0.9734375 0.540625 0.053125 0.03125
0 0.97265625 0.56796875 0.0546875 0.03125