1 0.115625 0.2953125 0.0296875 0.053125
1 0.16171875 0.29375 0.028125 0.0546875
1 0.21328125 0.30078125 0.028125 0.053125
1 0.26484375 0.29609375 0.028125 0.053125
1 0.3109375 0.2984375 0.028125 0.0515625
1 0.2140625 0.5 0.028125 0.053125
1 0.26484375 0.49609375 0.028125 0.0484375
1 0.3109375 0.4984375 0.0265625 0.05
1 0.340625 0.49765625 0.028125 0.046875
1 0.390625 0.49765625 0.0265625 0.05
1 0.42265625 0.50234375 0.0265625 0.05
1 0.3875 0.296875 0.025 0.0453125
1 0.421875 0.3015625 0.028125 0.0484375
1 0.33828125 0.296875 0.025 0.0453125
1 0.01875 0.3015625 0.028125 0.053125
1 0.06953125 0.29375 0.028125 0.053125
0 0.45625 0.3046875 0.025 0.04375
0 0.45859375 0.503125 0.025 0.046875
0 0.48125 0.30390625 0.025 0.046875
0 0.484375 0.50390625 0.025 0.046875
0 0.50546875 0.30390625 0.021875 0.04375
0 0.509375 0.50234375 0.0265625 0.0453125
2 0.5546875 0.49765625 0.0359375 0.059375
2 0.55234375 0.3 0.0375 0.0625
1 0.5984375 0.50234375 0.028125 0.05
0 0.63359375 0.5078125 0.028125 0.046875
0 0.63203125 0.30703125 0.0234375 0.04375
0 0.66015625 0.5078125 0.025 0.0484375
0 0.65703125 0.30625 0.025 0.04375
2 0.7015625 0.5015625 0.034375 0.0625
2 0.6984375 0.3 0.034375 0.0578125
1 0.74140625 0.50390625 0.0265625 0.046875
0 0.76875 0.5046875 0.025 0.046875
0 0.79609375 0.50546875 0.028125 0.046875
1 0.853125 0.51015625 0.034375 0.0609375