1 0.5375 0.32578125 0.053125 0.03125
1 0.54296875 0.271875 0.05625 0.028125
1 0.53671875 0.21640625 0.0546875 0.03125
1 0.5390625 0.375 0.0578125 0.03125
1 0.5359375 0.425 0.059375 0.0328125
1 0.5453125 0.47890625 0.059375 0.03125
1 0.53828125 0.534375 0.05625 0.03125
1 0.54765625 0.79609375 0.071875 0.040625
1 0.54140625 0.74140625 0.059375 0.0296875
1 0.54453125 0.6875 0.0578125 0.03125
1 0.53828125 0.6328125 0.059375 0.03125
1 0.32734375 0.74296875 0.059375 0.03125
1 0.334375 0.7984375 0.071875 0.0390625
1 0.3328125 0.68984375 0.05625 0.03125
1 0.3265625 0.63515625 0.05625 0.03125
1 0.3265625 0.58515625 0.059375 0.034375
1 0.325 0.53515625 0.05625 0.03125
1 0.3328125 0.48125 0.0578125 0.028125
1 0.53671875 0.1671875 0.0625 0.0296875
1 0.53515625 0.1359375 0.0640625 0.03125
1 0.32421875 0.37421875 0.0640625 0.034375
1 0.53984375 0.58671875 0.0609375 0.034375