1 0.53984375 0.578125 0.053125 0.0296875
1 0.5390625 0.54609375 0.05 0.0265625
1 0.53671875 0.49765625 0.053125 0.028125
1 0.5375 0.4703125 0.05 0.028125
1 0.534375 0.425 0.0515625 0.0265625
1 0.540625 0.37578125 0.0515625 0.0265625
1 0.534375 0.3265625 0.053125 0.025
1 0.53359375 0.28203125 0.053125 0.028125
1 0.534375 0.2359375 0.053125 0.0265625
1 0.54140625 0.18671875 0.0546875 0.028125
1 0.3453125 0.234375 0.053125 0.028125
1 0.34453125 0.278125 0.053125 0.0296875
1 0.3421875 0.32421875 0.05 0.025
1 0.346875 0.3734375 0.05 0.028125
1 0.34140625 0.42265625 0.0515625 0.028125
1 0.35 0.4671875 0.05 0.0265625
1 0.346875 0.496875 0.053125 0.028125
1 0.35078125 0.5453125 0.05625 0.03125
1 0.353125 0.5765625 0.053125 0.0265625
1 0.3484375 0.18515625 0.05 0.028125
1 0.34375 0.1359375 0.05 0.025
1 0.34296875 0.090625 0.05 0.028125
1 0.34296875 0.05390625 0.0484375 0.0265625
1 0.5359375 0.13828125 0.053125 0.028125
1 0.5359375 0.0921875 0.053125 0.028125
1 0.53671875 0.05546875 0.053125 0.028125
1 0.5328125 0.01328125 0.05625 0.0265625
1 0.34296875 0.01328125 0.053125 0.025
0 0.54140625 0.6125 0.046875 0.025
0 0.35 0.61015625 0.04375 0.025
0 0.15859375 0.6078125 0.040625 0.01875
0 0.35078125 0.63515625 0.046875 0.021875
0 0.54453125 0.63828125 0.046875 0.0234375
0 0.54296875 0.66171875 0.04375 0.0265625
0 0.35078125 0.6609375 0.046875 0.025
2 0.53671875 0.70625 0.0640625 0.0390625
2 0.3453125 0.703125 0.05625 0.0328125
2 0.15703125 0.70078125 0.059375 0.0328125
2 0.35078125 0.846875 0.05625 0.034375
2 0.540625 0.84921875 0.065625 0.0359375
0 0.54375 0.809375 0.040625 0.025
0 0.546875 0.784375 0.046875 0.025
0 0.35390625 0.78125 0.040625 0.021875
0 0.3546875 0.80625 0.040625 0.025
1 0.54453125 0.74921875 0.0484375 0.028125
1 0.54296875 0.8875 0.0515625 0.028125