1 0.3734375 0.48515625 0.0296875 0.053125
1 0.3203125 0.4796875 0.028125 0.05625
1 0.265625 0.4859375 0.03125 0.053125
1 0.42265625 0.48359375 0.03125 0.05625
1 0.471875 0.4859375 0.0328125 0.0578125
1 0.525 0.47734375 0.03125 0.059375
1 0.5796875 0.484375 0.03125 0.05625
1 0.83828125 0.475 0.040625 0.071875
1 0.784375 0.48125 0.028125 0.059375
1 0.73125 0.478125 0.0296875 0.05625
1 0.6765625 0.484375 0.03125 0.059375
1 0.7859375 0.69296875 0.03125 0.059375
1 0.840625 0.6859375 0.0375 0.0703125
1 0.73359375 0.6875 0.03125 0.05625
1 0.67890625 0.69375 0.03125 0.05625
1 0.63046875 0.69296875 0.0328125 0.0578125
1 0.58046875 0.69453125 0.03125 0.05625
1 0.52734375 0.6875 0.028125 0.05625
1 0.2171875 0.4859375 0.028125 0.0625
1 0.1859375 0.4875 0.03125 0.0625
1 0.421875 0.6953125 0.034375 0.0625
1 0.63125 0.4828125 0.0328125 0.059375