1 0.48671875 0.47109375 0.0421875 0.06875
1 0.5390625 0.46015625 0.0328125 0.0640625
1 0.58984375 0.4671875 0.034375 0.0625
1 0.63984375 0.46484375 0.03125 0.0578125
1 0.6875 0.4625 0.03125 0.0625
1 0.73359375 0.46171875 0.03125 0.0671875
1 0.78515625 0.46640625 0.034375 0.065625
1 0.4859375 0.26953125 0.040625 0.075
1 0.10703125 0.065625 0.040625 0.06875
1 0.11171875 0.26640625 0.0375 0.075
1 0.1125 0.4703125 0.0375 0.0765625
1 0.8359375 0.4625 0.03125 0.0625
1 0.8828125 0.46171875 0.03125 0.0625
1 0.5359375 0.2625 0.034375 0.059375
1 0.5859375 0.26875 0.034375 0.0640625
1 0.92890625 0.459375 0.03125 0.05625