1 0.5359375 0.41953125 0.065625 0.0359375
1 0.54296875 0.4671875 0.053125 0.028125
1 0.53984375 0.5171875 0.05625 0.03125
1 0.5421875 0.56484375 0.05625 0.03125
1 0.54375 0.61015625 0.05625 0.028125
1 0.5453125 0.65390625 0.05625 0.0359375
1 0.725 0.4171875 0.065625 0.040625
1 0.53984375 0.70390625 0.05625 0.028125
1 0.5453125 0.75234375 0.053125 0.03125
1 0.5421875 0.79765625 0.0546875 0.03125
1 0.72578125 0.05859375 0.0625 0.0359375
1 0.72109375 0.02890625 0.05625 0.03125
1 0.91953125 0.05390625 0.0625 0.0375
1 0.53828125 0.0609375 0.06875 0.034375
1 0.5296875 0.028125 0.0515625 0.0296875
1 0.9109375 0.025 0.053125 0.0265625