2 0.49921875 0.58515625 0.065625 0.0375
2 0.50546875 0.4359375 0.0640625 0.0375
2 0.49921875 0.3703125 0.0453125 0.025
2 0.5015625 0.33515625 0.0484375 0.028125
2 0.50859375 0.2921875 0.065625 0.0375
2 0.7 0.43046875 0.0625 0.0359375
2 0.69453125 0.578125 0.0625 0.0359375
2 0.51015625 0.765625 0.0640625 0.0375
2 0.50625 0.796875 0.05625 0.028125
2 0.50546875 0.83203125 0.053125 0.028125
2 0.6984375 0.3296875 0.053125 0.028125
2 0.7046875 0.28515625 0.0640625 0.0359375
2 0.70234375 0.1578125 0.0546875 0.028125
2 0.703125 0.12421875 0.05 0.0265625
2 0.70546875 0.07578125 0.05 0.025
2 0.7046875 0.046875 0.05 0.028125
2 0.909375 0.04453125 0.05 0.025
2 0.90859375 0.07265625 0.046875 0.028125
2 0.90625 0.12265625 0.053125 0.028125
2 0.90546875 0.1546875 0.0515625 0.0265625
2 0.9078125 0.28359375 0.065625 0.034375
2 0.9 0.328125 0.0515625 0.03125
0 0.90078125 0.18984375 0.0453125 0.025
0 0.90078125 0.2140625 0.046875 0.0234375
0 0.90078125 0.2390625 0.046875 0.025
0 0.696875 0.19140625 0.0484375 0.025
0 0.69765625 0.21640625 0.0453125 0.0234375
0 0.69765625 0.240625 0.0484375 0.0265625
0 0.69375 0.36484375 0.046875 0.025
0 0.69453125 0.3890625 0.0453125 0.025
0 0.69765625 0.46953125 0.05 0.028125
0 0.69453125 0.496875 0.05 0.025
0 0.6953125 0.52109375 0.0515625 0.025
0 0.69296875 0.54765625 0.05 0.0265625
0 0.49921875 0.553125 0.046875 0.025
0 0.4984375 0.52734375 0.046875 0.025
0 0.49921875 0.50234375 0.046875 0.025
0 0.5015625 0.475 0.05 0.025
0 0.49921875 0.3953125 0.046875 0.025
0 0.50234375 0.246875 0.0546875 0.028125
0 0.50078125 0.22265625 0.053125 0.025
0 0.50390625 0.1984375 0.0515625 0.0265625
0 0.8984375 0.3625 0.053125 0.028125
0 0.90078125 0.3890625 0.046875 0.025
2 0.70546875 0.75859375 0.0671875 0.034375