1 0.45234375 0.353125 0.0546875 0.03125
1 0.44921875 0.3921875 0.0546875 0.03125
1 0.44765625 0.43984375 0.0578125 0.028125
1 0.4484375 0.47890625 0.059375 0.034375
1 0.44609375 0.5265625 0.05625 0.03125
1 0.453125 0.57890625 0.05625 0.03125
1 0.44609375 0.63046875 0.0546875 0.03125
1 0.446875 0.67890625 0.0578125 0.03125
1 0.446875 0.7265625 0.05625 0.03125
1 0.45234375 0.778125 0.05625 0.03125
1 0.4453125 0.83046875 0.0578125 0.03125
1 0.45 0.878125 0.05625 0.028125
1 0.4484375 0.215625 0.05625 0.03125
1 0.44921875 0.18359375 0.0546875 0.028125
1 0.4484375 0.1375 0.05625 0.03125
1 0.45546875 0.08515625 0.05625 0.0296875
1 0.45 0.0328125 0.059375 0.0328125
1 0.24375 0.03125 0.05625 0.0328125
1 0.2484375 0.0828125 0.05625 0.03125
1 0.24453125 0.13515625 0.059375 0.034375
1 0.2421875 0.1828125 0.0546875 0.0296875
1 0.24140625 0.2125 0.0609375 0.0296875
1 0.246875 0.35078125 0.0578125 0.03125
1 0.2421875 0.38984375 0.053125 0.03125
1 0.24296875 0.4375 0.05625 0.03125
1 0.24375 0.4765625 0.05625 0.03125
1 0.24140625 0.525 0.05625 0.03125
1 0.246875 0.57734375 0.05625 0.03125
1 0.24140625 0.628125 0.059375 0.0328125
1 0.03828125 0.2078125 0.053125 0.0296875