2 0.51015625 0.725 0.059375 0.034375
2 0.70546875 0.72421875 0.0625 0.03125
0 0.50625 0.6796875 0.04375 0.025
0 0.5046875 0.65390625 0.0453125 0.025
0 0.503125 0.63046875 0.0453125 0.025
0 0.70390625 0.62890625 0.040625 0.021875
1 0.5046875 0.76953125 0.0484375 0.025
1 0.7046875 0.59375 0.046875 0.028125
1 0.5078125 0.5953125 0.046875 0.025
1 0.509375 0.56171875 0.0484375 0.0265625
1 0.51171875 0.51171875 0.0484375 0.025
1 0.5109375 0.484375 0.046875 0.025
1 0.5140625 0.43828125 0.0453125 0.0265625
1 0.70859375 0.5109375 0.05 0.025
1 0.7125 0.4375 0.05 0.025
1 0.509375 0.38828125 0.053125 0.028125
1 0.70703125 0.3859375 0.053125 0.028125
1 0.71171875 0.33671875 0.0515625 0.028125
1 0.71171875 0.290625 0.0484375 0.028125
1 0.5140625 0.29296875 0.05 0.028125
1 0.7109375 0.24453125 0.05 0.028125
1 0.51171875 0.24609375 0.0484375 0.0265625
1 0.50703125 0.19609375 0.05 0.028125
1 0.7046875 0.19453125 0.053125 0.028125
1 0.71171875 0.14296875 0.053125 0.0265625
1 0.51484375 0.14609375 0.05 0.025
1 0.51171875 0.1 0.05 0.025
1 0.71171875 0.09765625 0.053125 0.028125
1 0.71015625 0.06015625 0.05 0.0265625
1 0.70234375 0.65234375 0.040625 0.021875
1 0.70234375 0.678125 0.0421875 0.0234375
2 0.50625 0.8703125 0.0609375 0.0296875
0 0.503125 0.82890625 0.04375 0.021875
0 0.5015625 0.8046875 0.05 0.025
0 0.69921875 0.803125 0.0421875 0.0234375
0 0.69921875 0.8265625 0.04375 0.0234375
1 0.5046875 0.91171875 0.0453125 0.025