1 0.23828125 0.45546875 0.03125 0.05625
1 0.29140625 0.44921875 0.03125 0.0578125
1 0.3390625 0.45 0.0296875 0.0578125
1 0.38828125 0.45078125 0.03125 0.0578125
1 0.440625 0.45546875 0.0296875 0.05625
1 0.18671875 0.4484375 0.03125 0.05625
1 0.49375 0.45 0.028125 0.059375
1 0.5421875 0.45 0.03125 0.05625
1 0.58046875 0.4515625 0.0296875 0.05625
1 0.39296875 0.2453125 0.028125 0.0578125
1 0.4453125 0.2515625 0.028125 0.0546875
1 0.4984375 0.24609375 0.0296875 0.059375
1 0.34453125 0.24609375 0.028125 0.0546875
1 0.546875 0.2453125 0.028125 0.053125
1 0.5859375 0.2453125 0.0296875 0.0546875
1 0.29609375 0.24453125 0.0296875 0.05625
1 0.24296875 0.2484375 0.028125 0.05625
1 0.19140625 0.24375 0.034375 0.0625
1 0.63359375 0.24609375 0.03125 0.059375
1 0.67421875 0.2515625 0.028125 0.05625
1 0.66875 0.45546875 0.028125 0.05625
1 0.63046875 0.45078125 0.0296875 0.059375
1 0.8140625 0.246875 0.03125 0.05625
1 0.84375 0.24765625 0.028125 0.05625
1 0.89296875 0.246875 0.03125 0.05625
1 0.94453125 0.25234375 0.028125 0.0578125
1 0.99140625 0.24609375 0.0171875 0.0609375
1 0.81015625 0.45 0.028125 0.053125
1 0.99296875 0.0390625 0.0140625 0.0578125
1 0.9484375 0.04296875 0.03125 0.0625
1 0.89453125 0.03828125 0.0375 0.065625
1 0.8171875 0.0375 0.028125 0.05625
1 0.846875 0.0390625 0.03125 0.0609375
1 0.93984375 0.45625 0.034375 0.075
1 0.8890625 0.4546875 0.0375 0.059375
1 0.67890625 0.04140625 0.034375 0.065625