1 0.6 0.4859375 0.03125 0.059375
1 0.559375 0.4859375 0.0296875 0.05
1 0.5171875 0.48515625 0.0296875 0.053125
1 0.47578125 0.48515625 0.028125 0.053125
1 0.440625 0.4859375 0.028125 0.053125
1 0.4078125 0.48359375 0.0359375 0.0625
1 0.40703125 0.2890625 0.034375 0.0625
1 0.4375 0.29140625 0.028125 0.053125
1 0.47421875 0.2921875 0.028125 0.0546875
1 0.51640625 0.2921875 0.028125 0.053125
1 0.225 0.49296875 0.0375 0.065625
2 0.1953125 0.49375 0.0296875 0.0546875
2 0.075 0.4859375 0.0375 0.065625
2 0.0734375 0.2921875 0.0390625 0.06875
2 0.06953125 0.09453125 0.0390625 0.065625
0 0.18984375 0.1 0.0296875 0.046875
0 0.16328125 0.1 0.028125 0.046875
0 0.1375 0.10234375 0.028125 0.046875
0 0.19375 0.29765625 0.0296875 0.0515625
0 0.16640625 0.29921875 0.028125 0.0453125
0 0.13984375 0.29921875 0.028125 0.05
0 0.03203125 0.29765625 0.028125 0.05
0 0.0109375 0.3 0.021875 0.05625
0 0.0109375 0.4921875 0.021875 0.04375
0 0.03359375 0.4921875 0.025 0.0453125
0 0.14296875 0.490625 0.025 0.046875
0 0.16875 0.4953125 0.028125 0.05
1 0.22421875 0.3 0.0375 0.0625
0 0.02890625 0.10234375 0.028125 0.0515625