1 0.52578125 0.98828125 0.046875 0.0234375
1 0.521875 0.94296875 0.053125 0.028125
1 0.52578125 0.89296875 0.053125 0.028125
1 0.525 0.8484375 0.053125 0.028125
1 0.52421875 0.81171875 0.0515625 0.028125
1 0.52578125 0.76640625 0.0546875 0.03125
1 0.51953125 0.72890625 0.053125 0.03125
1 0.71015625 0.725 0.05625 0.028125
1 0.52421875 0.6 0.0546875 0.0296875
1 0.715625 0.59453125 0.0546875 0.028125
1 0.71484375 0.5671875 0.05625 0.028125
1 0.715625 0.5234375 0.053125 0.028125
1 0.70859375 0.4734375 0.0546875 0.028125
1 0.71484375 0.425 0.053125 0.0265625
1 0.715625 0.3796875 0.053125 0.0296875
1 0.71328125 0.334375 0.05625 0.028125
1 0.7078125 0.28515625 0.053125 0.028125
1 0.71328125 0.2359375 0.0578125 0.028125
1 0.71484375 0.190625 0.05625 0.028125
1 0.521875 0.571875 0.05 0.028125
1 0.52421875 0.52734375 0.05625 0.028125
1 0.51875 0.47890625 0.053125 0.0296875
1 0.5203125 0.42890625 0.05625 0.03125
1 0.52265625 0.384375 0.0546875 0.03125
1 0.52265625 0.3390625 0.05625 0.028125
1 0.51796875 0.28984375 0.053125 0.028125
1 0.52265625 0.24140625 0.053125 0.0265625
1 0.521875 0.19453125 0.05625 0.028125
1 0.9078125 0.1421875 0.053125 0.028125
1 0.90546875 0.3765625 0.0546875 0.03125
1 0.71328125 0.14609375 0.05625 0.0296875
1 0.70859375 0.09609375 0.05625 0.028125
1 0.51640625 0.1015625 0.05625 0.0296875
1 0.71328125 0.04921875 0.053125 0.0296875
1 0.909375 0.33203125 0.05625 0.0328125
1 0.90234375 0.28125 0.053125 0.028125
1 0.90703125 0.42109375 0.0546875 0.0296875
1 0.903125 0.4703125 0.05625 0.03125
1 0.52578125 0.14921875 0.059375 0.03125
1 0.71640625 0.7625 0.0515625 0.025
1 0.71640625 0.84296875 0.059375 0.03125