2 0.7578125 0.528125 0.0390625 0.071875
0 0.725 0.5265625 0.028125 0.05
0 0.69765625 0.5265625 0.028125 0.05
0 0.6703125 0.52578125 0.025 0.0515625
0 0.640625 0.521875 0.03125 0.05
2 0.5984375 0.5203125 0.0390625 0.06875
0 0.5546875 0.5234375 0.0265625 0.05
2 0.52578125 0.5234375 0.028125 0.0515625
2 0.4890625 0.5203125 0.028125 0.0484375
2 0.440625 0.515625 0.0375 0.0671875
0 0.39296875 0.521875 0.0265625 0.05
0 0.36640625 0.521875 0.0265625 0.0515625
0 0.33984375 0.5234375 0.028125 0.0515625
2 0.3015625 0.51796875 0.03125 0.0578125
2 0.2671875 0.51640625 0.028125 0.0546875
2 0.21171875 0.51328125 0.028125 0.05625
2 0.18046875 0.5140625 0.0265625 0.0578125
2 0.17578125 0.3015625 0.0265625 0.053125
2 0.20625 0.29921875 0.03125 0.0578125
2 0.259375 0.303125 0.028125 0.05625
2 0.29609375 0.303125 0.03125 0.053125
0 0.33359375 0.309375 0.028125 0.0484375
0 0.3609375 0.30703125 0.028125 0.046875
0 0.38828125 0.31015625 0.0265625 0.046875
2 0.434375 0.30390625 0.0390625 0.06875
2 0.4828125 0.3078125 0.03125 0.0546875
0 0.52109375 0.3125 0.028125 0.046875
0 0.546875 0.31328125 0.028125 0.04375
2 0.590625 0.30859375 0.034375 0.06875
0 0.634375 0.309375 0.03125 0.0546875
0 0.66484375 0.3109375 0.0265625 0.05
2 0.25703125 0.08125 0.028125 0.053125
2 0.203125 0.0796875 0.028125 0.059375
2 0.1734375 0.07890625 0.028125 0.053125
2 0.753125 0.3125 0.040625 0.071875
0 0.71875 0.31640625 0.028125 0.05625
0 0.69140625 0.31328125 0.0296875 0.05625
2 0.12578125 0.2984375 0.03125 0.059375
2 0.07265625 0.30546875 0.0328125 0.059375
2 0.01796875 0.29765625 0.03125 0.0546875
2 0.1328125 0.5125 0.0296875 0.0515625