1 0.515625 0.49375 0.028125 0.0546875
1 0.4640625 0.48828125 0.0296875 0.05625
1 0.41328125 0.49375 0.028125 0.05
1 0.3671875 0.49453125 0.028125 0.0546875
1 0.32109375 0.49453125 0.03125 0.05625
1 0.26953125 0.4875 0.03125 0.05625
1 0.21875 0.49375 0.03125 0.05625
1 0.16796875 0.69296875 0.028125 0.05625
1 0.21484375 0.6921875 0.0296875 0.0515625
1 0.2671875 0.68515625 0.028125 0.053125
1 0.12109375 0.6921875 0.0296875 0.05625
1 0.31796875 0.6890625 0.028125 0.053125
1 0.3640625 0.6921875 0.028125 0.05625
1 0.41015625 0.69453125 0.028125 0.046875
1 0.46171875 0.68828125 0.03125 0.0515625
1 0.56171875 0.49375 0.028125 0.053125
1 0.72578125 0.48984375 0.028125 0.053125
1 0.07265625 0.4859375 0.0296875 0.0546875
1 0.021875 0.49296875 0.028125 0.05
1 0.1234375 0.4921875 0.028125 0.053125
1 0.0703125 0.68671875 0.028125 0.053125
1 0.01875 0.690625 0.03125 0.05
1 0.7640625 0.4953125 0.028125 0.053125
1 0.590625 0.49453125 0.028125 0.053125