1 0.0140625 0.4890625 0.028125 0.0578125
1 0.0640625 0.4890625 0.03125 0.059375
1 0.09375 0.4890625 0.028125 0.0546875
1 0.14296875 0.49140625 0.028125 0.059375
1 0.1953125 0.484375 0.03125 0.0546875
1 0.246875 0.490625 0.03125 0.05625
1 0.29609375 0.48984375 0.028125 0.05625
1 0.34453125 0.49140625 0.028125 0.05625
1 0.39609375 0.484375 0.03125 0.0578125
1 0.44921875 0.48984375 0.03125 0.05625
1 0.01640625 0.68984375 0.028125 0.05625
1 0.0703125 0.6921875 0.028125 0.053125
1 0.1 0.6890625 0.028125 0.0578125
1 0.14609375 0.696875 0.03125 0.05625
1 0.2 0.68984375 0.0296875 0.0578125
1 0.25234375 0.69453125 0.0296875 0.059375
1 0.30078125 0.69609375 0.0296875 0.059375
1 0.3484375 0.69296875 0.028125 0.0625
1 0.4015625 0.6890625 0.0296875 0.0578125
1 0.453125 0.69453125 0.028125 0.05625
1 0.50234375 0.69453125 0.028125 0.05625
1 0.53984375 0.69375 0.03125 0.0578125
1 0.58828125 0.69375 0.03125 0.0578125
1 0.628125 0.68828125 0.028125 0.059375
1 0.6234375 0.48671875 0.028125 0.05625
1 0.584375 0.48828125 0.028125 0.05625
1 0.53515625 0.490625 0.028125 0.0546875
1 0.49609375 0.48984375 0.028125 0.059375
1 0.7671875 0.6921875 0.0296875 0.05625
1 0.796875 0.6921875 0.03125 0.053125
1 0.84453125 0.6953125 0.028125 0.05625
1 0.89765625 0.68515625 0.03125 0.059375
1 0.94921875 0.69296875 0.03125 0.0625
1 0.99140625 0.68984375 0.0171875 0.0578125
1 0.7609375 0.48671875 0.03125 0.059375
1 0.7921875 0.4875 0.03125 0.0578125
1 0.8921875 0.48359375 0.03125 0.0625
1 0.9015625 0.89375 0.03125 0.0625
1 0.9546875 0.90078125 0.03125 0.0578125
1 0.9921875 0.9015625 0.015625 0.059375
1 0.76953125 0.89921875 0.0265625 0.05625
1 0.8 0.9015625 0.03125 0.065625
1 0.63046875 0.8984375 0.034375 0.075
1 0.5046875 0.9046875 0.0359375 0.075
1 0.590625 0.903125 0.034375 0.065625
1 0.54296875 0.9046875 0.03125 0.065625
1 0.45703125 0.90390625 0.034375 0.0625
1 0.39921875 0.9046875 0.0375 0.06875