1 0.54296875 0.60546875 0.053125 0.0265625
1 0.53984375 0.57734375 0.059375 0.028125
1 0.54140625 0.53046875 0.0546875 0.03125
1 0.5375 0.47890625 0.059375 0.028125
1 0.54296875 0.428125 0.05625 0.028125
1 0.54140625 0.38203125 0.05625 0.028125
1 0.74140625 0.52578125 0.05625 0.028125
1 0.740625 0.57265625 0.0546875 0.028125
1 0.74140625 0.6015625 0.05625 0.0296875
1 0.73515625 0.7375 0.053125 0.028125
1 0.7421875 0.775 0.05625 0.028125
1 0.53671875 0.74140625 0.053125 0.0296875
1 0.54296875 0.78046875 0.0546875 0.028125
1 0.54296875 0.828125 0.0546875 0.028125
1 0.54296875 0.865625 0.05625 0.03125
1 0.54375 0.9140625 0.05625 0.03125
1 0.5390625 0.9640625 0.05625 0.03125
1 0.73671875 0.475 0.05625 0.028125
1 0.7421875 0.4234375 0.05625 0.028125
1 0.740625 0.3765625 0.05625 0.03125
1 0.74140625 0.3296875 0.0578125 0.03125
1 0.734375 0.278125 0.05625 0.028125
1 0.73984375 0.22734375 0.0578125 0.03125
1 0.740625 0.17890625 0.05625 0.0296875
1 0.9421875 0.13125 0.05625 0.034375
1 0.540625 0.334375 0.053125 0.0296875
1 0.53671875 0.28359375 0.0546875 0.028125
1 0.54375 0.2328125 0.053125 0.028125
1 0.53984375 0.184375 0.053125 0.028125
1 0.740625 0.1328125 0.05625 0.0328125
1 0.73515625 0.08046875 0.059375 0.03125
1 0.73984375 0.03203125 0.059375 0.03125
1 0.94296875 0.375 0.0625 0.0328125
1 0.9421875 0.02734375 0.065625 0.03125
1 0.93671875 0.471875 0.059375 0.028125