2 0.36171875 0.5109375 0.028125 0.05
2 0.4 0.5140625 0.0296875 0.053125
0 0.4453125 0.515625 0.03125 0.053125
2 0.4828125 0.5140625 0.03125 0.0546875
2 0.52890625 0.5171875 0.0296875 0.05625
2 0.58125 0.50859375 0.028125 0.053125
2 0.63125 0.515625 0.028125 0.05
2 0.67734375 0.51484375 0.028125 0.05625
2 0.72421875 0.5171875 0.028125 0.05625
2 0.39375 0.7171875 0.0265625 0.053125
2 0.35390625 0.71171875 0.03125 0.053125
0 0.43984375 0.71640625 0.028125 0.0515625
2 0.4765625 0.71875 0.0296875 0.053125
2 0.52421875 0.71796875 0.0296875 0.0546875
2 0.575 0.71328125 0.0296875 0.053125
2 0.625 0.7171875 0.028125 0.05
2 0.2171875 0.92578125 0.028125 0.05
2 0.18828125 0.9234375 0.028125 0.05
2 0.2203125 0.7171875 0.028125 0.05
2 0.1921875 0.7171875 0.0265625 0.05
0 0.14609375 0.71875 0.0296875 0.05
0 0.14453125 0.92578125 0.0296875 0.05625
2 0.0921875 0.9203125 0.0296875 0.0546875
2 0.04140625 0.9265625 0.0296875 0.05625
2 0.0046875 0.925 0.009375 0.05625
2 0.00546875 0.715625 0.009375 0.0546875
2 0.04453125 0.715625 0.0296875 0.0546875
2 0.0953125 0.71015625 0.03125 0.05625
0 0.1515625 0.51484375 0.028125 0.053125
2 0.19765625 0.51640625 0.028125 0.053125
2 0.22734375 0.51484375 0.028125 0.05
2 0.1 0.509375 0.028125 0.0546875
2 0.05078125 0.51640625 0.0265625 0.05625
2 0.77421875 0.51171875 0.034375 0.059375
2 0.8265625 0.51640625 0.034375 0.05625
2 0.87265625 0.5140625 0.0328125 0.0609375
2 0.903125 0.5140625 0.03125 0.0609375
2 0.671875 0.7140625 0.03125 0.05625