2 0.52421875 0.57109375 0.065625 0.034375
2 0.52421875 0.52734375 0.065625 0.0296875
2 0.52265625 0.48359375 0.05625 0.03125
2 0.5265625 0.44140625 0.059375 0.0296875
2 0.52421875 0.403125 0.0578125 0.028125
1 0.3140625 0.4375 0.0515625 0.028125
1 0.3171875 0.39921875 0.053125 0.0265625
1 0.31171875 0.36796875 0.0625 0.0359375
1 0.51875 0.36796875 0.065625 0.03125
1 0.3140625 0.48125 0.05625 0.0296875
1 0.31484375 0.525 0.053125 0.028125
1 0.321875 0.1765625 0.06875 0.0359375
1 0.52890625 0.1796875 0.065625 0.034375
1 0.525 0.06171875 0.0546875 0.028125
1 0.31875 0.06171875 0.059375 0.03125
2 0.3171875 0.01796875 0.0625 0.0359375
2 0.52109375 0.02265625 0.0640625 0.0375
0 0.52890625 0.0921875 0.0484375 0.0265625
0 0.528125 0.11953125 0.053125 0.0265625
0 0.3203125 0.14375 0.046875 0.0265625
0 0.3203125 0.11640625 0.046875 0.0265625
0 0.32109375 0.0890625 0.05 0.025
1 0.11484375 0.05625 0.05 0.028125
2 0.11328125 0.01640625 0.065625 0.03125
0 0.1171875 0.08515625 0.0484375 0.0265625
0 0.11796875 0.11171875 0.046875 0.025
0 0.11796875 0.1390625 0.046875 0.0265625