1 0.4328125 0.52421875 0.0375 0.0625
1 0.48359375 0.515625 0.0265625 0.046875
1 0.53203125 0.51875 0.03125 0.053125
1 0.58125 0.51484375 0.028125 0.053125
1 0.43203125 0.33203125 0.0375 0.059375
1 0.67265625 0.5140625 0.034375 0.053125
1 0.7203125 0.51796875 0.0328125 0.0515625
1 0.7703125 0.5140625 0.034375 0.053125
1 0.8140625 0.51328125 0.028125 0.05625
1 0.48046875 0.32109375 0.028125 0.0546875
1 0.528125 0.3296875 0.03125 0.0484375
1 0.07265625 0.52109375 0.0375 0.0671875
1 0.07109375 0.328125 0.0375 0.0640625
1 0.0390625 0.3359375 0.028125 0.05
1 0.0421875 0.52890625 0.0296875 0.05
1 0.0671875 0.13828125 0.0421875 0.075