1 0.64453125 0.52890625 0.028125 0.0546875
1 0.5984375 0.53046875 0.028125 0.0546875
1 0.55703125 0.5296875 0.028125 0.0546875
1 0.5109375 0.5296875 0.028125 0.05625
1 0.47265625 0.53125 0.03125 0.059375
1 0.43828125 0.53359375 0.0375 0.06875
1 0.43359375 0.740625 0.0390625 0.06875
1 0.46875 0.734375 0.03125 0.0546875
1 0.50625 0.73671875 0.028125 0.0578125
1 0.55 0.7375 0.03125 0.05625
1 0.59453125 0.7359375 0.028125 0.05625
1 0.6390625 0.7328125 0.0296875 0.0546875
1 0.24453125 0.525 0.0390625 0.071875
1 0.12578125 0.528125 0.0359375 0.071875
1 0.240625 0.7296875 0.0390625 0.071875
1 0.2375 0.93828125 0.0359375 0.0703125
1 0.1171875 0.94296875 0.0328125 0.059375
2 0.07890625 0.7359375 0.04375 0.075
2 0.0765625 0.9453125 0.040625 0.071875
0 0.2078125 0.73046875 0.028125 0.0515625
0 0.1796875 0.728125 0.025 0.053125
0 0.15078125 0.7296875 0.0296875 0.053125
0 0.2046875 0.9421875 0.028125 0.053125
0 0.175 0.93984375 0.03125 0.059375
0 0.1484375 0.93828125 0.03125 0.053125
0 0.03203125 0.94140625 0.028125 0.053125
0 0.0359375 0.73125 0.028125 0.0578125
0 0.01171875 0.728125 0.0234375 0.05
1 0.12265625 0.7328125 0.034375 0.059375