1 0.05703125 0.54921875 0.03125 0.0546875
1 0.10703125 0.5515625 0.03125 0.05625
1 0.16171875 0.54453125 0.03125 0.053125
1 0.215625 0.5515625 0.034375 0.0578125
1 0.265625 0.55078125 0.03125 0.059375
1 0.31328125 0.55 0.0328125 0.0609375
1 0.36875 0.54453125 0.034375 0.05625
1 0.3140625 0.76015625 0.03125 0.05625
1 0.26484375 0.759375 0.03125 0.0578125
1 0.2140625 0.75703125 0.034375 0.059375
1 0.159375 0.7515625 0.0328125 0.05625
1 0.1046875 0.76015625 0.03125 0.05625
1 0.05625 0.75859375 0.0296875 0.059375
1 0.015625 0.759375 0.03125 0.05625
1 0.3671875 0.753125 0.03125 0.059375
1 0.4234375 0.55078125 0.03125 0.05625
1 0.471875 0.54765625 0.03125 0.0546875
1 0.50390625 0.54921875 0.03125 0.059375
1 0.55625 0.546875 0.03125 0.053125
1 0.59140625 0.54296875 0.0296875 0.053125
1 0.42109375 0.76015625 0.03125 0.053125
0 0.6296875 0.53984375 0.0265625 0.0515625
0 0.65625 0.5390625 0.0296875 0.0515625
0 0.68359375 0.53984375 0.0265625 0.05
2 0.73203125 0.546875 0.0375 0.0734375
2 0.73046875 0.75546875 0.040625 0.06875
0 0.67890625 0.7484375 0.028125 0.0484375
0 0.65390625 0.75 0.025 0.046875
0 0.628125 0.75078125 0.025 0.046875
1 0.7796875 0.540625 0.03125 0.05625
0 0.8171875 0.5375 0.028125 0.053125
0 0.8453125 0.53671875 0.0265625 0.053125
1 0.0171875 0.5515625 0.03125 0.05625
1 0.46953125 0.7578125 0.0328125 0.059375
1 0.5015625 0.75625 0.03125 0.065625
1 0.55625 0.75625 0.03125 0.0578125
2 0.8890625 0.54375 0.0375 0.06875
1 0.9328125 0.540625 0.03125 0.053125