1 0.62265625 0.540625 0.03125 0.053125
1 0.58515625 0.54609375 0.028125 0.053125
1 0.53984375 0.5453125 0.0296875 0.0546875
1 0.5015625 0.5453125 0.0296875 0.053125
1 0.45625 0.546875 0.03125 0.053125
1 0.40625 0.5421875 0.03125 0.05625
1 0.35703125 0.54765625 0.028125 0.053125
1 0.31015625 0.5484375 0.028125 0.0578125
1 0.2640625 0.54921875 0.0296875 0.053125
1 0.21484375 0.54375 0.0296875 0.05625
1 0.16484375 0.55 0.03125 0.05625
1 0.5875 0.74453125 0.03125 0.05625
1 0.625 0.7390625 0.0296875 0.05625
1 0.5421875 0.74296875 0.0296875 0.053125
1 0.50390625 0.74453125 0.0296875 0.05625
1 0.4578125 0.746875 0.0296875 0.053125
1 0.4078125 0.73984375 0.0296875 0.05625
1 0.359375 0.74296875 0.03125 0.053125
1 0.75859375 0.74375 0.028125 0.0546875
1 0.78671875 0.7421875 0.028125 0.053125
1 0.83203125 0.74453125 0.03125 0.053125
1 0.8828125 0.7375 0.03125 0.0546875
1 0.9328125 0.74453125 0.03125 0.053125
1 0.97890625 0.74375 0.03125 0.053125
1 0.75625 0.5453125 0.0296875 0.05625
1 0.78515625 0.5453125 0.0296875 0.053125
1 0.83046875 0.546875 0.028125 0.0546875
1 0.88046875 0.5390625 0.03125 0.05625
1 0.93125 0.54453125 0.028125 0.053125
1 0.97734375 0.54375 0.028125 0.05625
1 0.7640625 0.94140625 0.028125 0.05625
1 0.11640625 0.54609375 0.03125 0.0546875