2 0.41171875 0.50859375 0.028125 0.05625
2 0.45234375 0.5046875 0.03125 0.053125
2 0.4921875 0.5046875 0.0296875 0.0546875
2 0.53359375 0.50546875 0.028125 0.0515625
2 0.5703125 0.50546875 0.028125 0.05625
2 0.603125 0.503125 0.0375 0.065625
2 0.60703125 0.3078125 0.0375 0.065625
2 0.57578125 0.31015625 0.0296875 0.0578125
2 0.53984375 0.3109375 0.03125 0.053125
2 0.49921875 0.309375 0.0296875 0.0546875
2 0.45859375 0.3109375 0.0265625 0.0546875
2 0.41796875 0.3140625 0.028125 0.0546875
2 0.78671875 0.3171875 0.0375 0.06875
2 0.934375 0.31015625 0.0375 0.0640625
2 0.78046875 0.51328125 0.0375 0.065625
2 0.92890625 0.50625 0.0375 0.0625
0 0.8171875 0.31640625 0.0234375 0.04375
0 0.84375 0.31796875 0.025 0.046875
0 0.86875 0.3171875 0.028125 0.04375
0 0.896875 0.31328125 0.028125 0.0546875
0 0.97578125 0.31640625 0.021875 0.05
0 0.99453125 0.3140625 0.009375 0.04375
0 0.88984375 0.5078125 0.028125 0.0515625
0 0.8625 0.509375 0.025 0.046875
0 0.8375 0.5125 0.025 0.0453125
0 0.81171875 0.5140625 0.025 0.046875
0 0.96953125 0.51171875 0.0234375 0.046875
2 0.7890625 0.11328125 0.0390625 0.071875
0 0.8203125 0.11328125 0.025 0.04375
0 0.8453125 0.11328125 0.0234375 0.0453125
0 0.87109375 0.1140625 0.025 0.0453125
0 0.8984375 0.1109375 0.028125 0.05
2 0.93828125 0.1078125 0.034375 0.0625
0 0.978125 0.1125 0.025 0.0453125
2 0.6078125 0.1015625 0.034375 0.06875
2 0.54453125 0.10625 0.025 0.05