2 0.50390625 0.7078125 0.0515625 0.0296875
2 0.50078125 0.75625 0.05625 0.0296875
2 0.49921875 0.7890625 0.053125 0.0265625
2 0.503125 0.6796875 0.05 0.028125
2 0.5078125 0.63359375 0.05 0.028125
2 0.50078125 0.58359375 0.053125 0.028125
2 0.50546875 0.534375 0.053125 0.0265625
2 0.5078125 0.4890625 0.0546875 0.028125
2 0.5078125 0.44296875 0.053125 0.028125
2 0.5015625 0.39375 0.059375 0.028125
2 0.50546875 0.34453125 0.05625 0.028125
2 0.50546875 0.29921875 0.05625 0.028125
2 0.703125 0.29296875 0.0515625 0.0296875
2 0.703125 0.3390625 0.053125 0.03125
2 0.69765625 0.38828125 0.0515625 0.03125
2 0.703125 0.4375 0.0515625 0.028125
2 0.70390625 0.4828125 0.053125 0.0265625
2 0.70390625 0.5296875 0.05 0.0265625
2 0.69765625 0.578125 0.053125 0.028125
0 0.70390625 0.25546875 0.05 0.028125
2 0.70234375 0.2109375 0.0515625 0.0296875
2 0.696875 0.1734375 0.05625 0.028125
2 0.70390625 0.040625 0.05625 0.028125
2 0.909375 0.03828125 0.05625 0.028125
2 0.70546875 0.0125 0.053125 0.025
2 0.909375 0.0125 0.05 0.025
2 0.90390625 0.1703125 0.053125 0.0296875
2 0.9078125 0.2078125 0.046875 0.028125
0 0.90703125 0.25390625 0.0484375 0.028125
2 0.9078125 0.290625 0.0453125 0.0265625
2 0.90859375 0.3375 0.046875 0.025
0 0.50546875 0.26171875 0.0515625 0.028125
2 0.50625 0.21640625 0.053125 0.0265625
2 0.49921875 0.1796875 0.05 0.028125
2 0.5015625 0.91875 0.071875 0.040625
0 0.4984375 0.82421875 0.046875 0.028125
0 0.4953125 0.8484375 0.046875 0.025
0 0.496875 0.87421875 0.046875 0.0265625