1 0.46640625 0.91484375 0.0515625 0.028125
1 0.4640625 0.8671875 0.053125 0.03125
1 0.47109375 0.81640625 0.05 0.0296875
1 0.46484375 0.76484375 0.0546875 0.03125
1 0.46484375 0.7171875 0.05625 0.0296875
1 0.465625 0.671875 0.05625 0.03125
1 0.47109375 0.61953125 0.053125 0.0328125
1 0.2671875 0.67109375 0.053125 0.03125
1 0.26796875 0.71796875 0.0546875 0.03125
1 0.26953125 0.76640625 0.05625 0.03125
1 0.275 0.81796875 0.053125 0.03125
1 0.26640625 0.86953125 0.0546875 0.028125
1 0.26796875 0.915625 0.05625 0.028125
1 0.26875 0.9546875 0.053125 0.028125
1 0.27265625 0.62109375 0.05625 0.028125
1 0.46484375 0.5671875 0.053125 0.03125
1 0.46875 0.521875 0.053125 0.0296875
1 0.46640625 0.49140625 0.05625 0.0296875
1 0.46875 0.4421875 0.0515625 0.0296875
1 0.47265625 0.4078125 0.0515625 0.028125
1 0.26640625 0.56953125 0.0515625 0.03125
0 0.47578125 0.371875 0.0484375 0.025
0 0.4765625 0.34609375 0.05 0.028125
0 0.47578125 0.32109375 0.046875 0.025
2 0.46953125 0.275 0.06875 0.0359375
2 0.27109375 0.27578125 0.065625 0.0375
0 0.278125 0.325 0.046875 0.0265625
0 0.27578125 0.34921875 0.0453125 0.025
0 0.27578125 0.3734375 0.04375 0.021875
1 0.475 0.22890625 0.053125 0.0296875
0 0.478125 0.19375 0.05 0.028125
0 0.47890625 0.1671875 0.05 0.025
1 0.46484375 0.953125 0.053125 0.028125
1 0.46640625 0.99296875 0.053125 0.0140625
1 0.26484375 0.99296875 0.0578125 0.0140625
1 0.26953125 0.5234375 0.05625 0.03125
1 0.2703125 0.49296875 0.0625 0.03125
1 0.2703125 0.44140625 0.0546875 0.028125
2 0.471875 0.12578125 0.065625 0.0375
1 0.475 0.084375 0.0515625 0.0296875