1 0.265625 0.47109375 0.028125 0.053125
1 0.29375 0.47265625 0.0265625 0.05625
1 0.33828125 0.4703125 0.028125 0.0546875
1 0.38984375 0.47734375 0.0296875 0.0546875
1 0.43984375 0.4703125 0.0296875 0.05625
1 0.4859375 0.471875 0.028125 0.0546875
1 0.5328125 0.47109375 0.0296875 0.059375
1 0.5828125 0.478125 0.028125 0.053125
1 0.49140625 0.275 0.028125 0.053125
1 0.5375 0.2734375 0.0296875 0.05625
1 0.5875 0.28046875 0.028125 0.05
1 0.44375 0.27265625 0.028125 0.0515625
1 0.63828125 0.27421875 0.025 0.0546875
1 0.6859375 0.27578125 0.028125 0.05625
1 0.73125 0.27578125 0.028125 0.05625
1 0.78203125 0.28125 0.028125 0.0546875
1 0.83359375 0.27734375 0.028125 0.05625
1 0.88359375 0.28203125 0.0390625 0.065625
1 0.8796875 0.48125 0.0375 0.06875
1 0.828125 0.47421875 0.03125 0.053125
1 0.77734375 0.4796875 0.028125 0.0546875
1 0.72734375 0.4734375 0.028125 0.05
1 0.6796875 0.4734375 0.03125 0.05625
1 0.634375 0.47265625 0.028125 0.053125
1 0.39375 0.2796875 0.03125 0.053125
1 0.1296875 0.4734375 0.03125 0.059375