2 0.43984375 0.61796875 0.065625 0.03125
2 0.4375 0.571875 0.053125 0.028125
2 0.43828125 0.52890625 0.059375 0.028125
2 0.44296875 0.484375 0.059375 0.03125
2 0.43984375 0.44765625 0.05625 0.03125
2 0.4359375 0.4140625 0.06875 0.0375
1 0.22734375 0.41328125 0.06875 0.0375
1 0.44375 0.221875 0.0671875 0.0375
1 0.23984375 0.22109375 0.0703125 0.0375
1 0.43671875 0.10625 0.0578125 0.03125
1 0.23359375 0.10546875 0.0625 0.03125
2 0.43671875 0.065625 0.0671875 0.0390625
2 0.23125 0.06328125 0.065625 0.0375
2 0.03046875 0.0578125 0.0609375 0.0375
0 0.0296875 0.1859375 0.046875 0.03125
0 0.02890625 0.15625 0.05 0.025
0 0.02890625 0.128125 0.053125 0.028125
0 0.23828125 0.1890625 0.05 0.028125
0 0.2375 0.16015625 0.053125 0.0265625
0 0.23828125 0.13359375 0.053125 0.028125
0 0.44296875 0.1921875 0.05625 0.028125
0 0.44453125 0.1625 0.053125 0.028125
0 0.4421875 0.13515625 0.0546875 0.028125
0 0.44375 0.00390625 0.0484375 0.0078125
0 0.44453125 0.02265625 0.053125 0.028125
0 0.23671875 0.003125 0.0453125 0.00625
0 0.23984375 0.0203125 0.05 0.028125
0 0.03046875 0.01640625 0.053125 0.03125
1 0.23203125 0.4453125 0.0578125 0.03125