1 0.3765625 0.559375 0.03125 0.0546875
1 0.428125 0.55390625 0.03125 0.05625
1 0.47734375 0.5546875 0.0296875 0.0546875
1 0.515625 0.55546875 0.028125 0.053125
1 0.5640625 0.55625 0.028125 0.053125
1 0.32421875 0.55390625 0.0296875 0.053125
1 0.27578125 0.5546875 0.028125 0.053125
1 0.22734375 0.55390625 0.028125 0.05
1 0.565625 0.3515625 0.025 0.05625
1 0.60625 0.3546875 0.028125 0.053125
1 0.17578125 0.55859375 0.0296875 0.053125
1 0.9265625 0.35078125 0.03125 0.0546875
1 0.97578125 0.3515625 0.0296875 0.0578125
1 0.875 0.35625 0.03125 0.053125
1 0.821875 0.35 0.028125 0.053125
1 0.77421875 0.34921875 0.028125 0.053125
1 0.81953125 0.55546875 0.028125 0.053125
1 0.92578125 0.55703125 0.028125 0.0515625
1 0.975 0.55625 0.028125 0.053125
1 0.871875 0.56171875 0.03125 0.0609375
1 0.77421875 0.55546875 0.028125 0.053125
1 0.7421875 0.55546875 0.028125 0.053125
1 0.7453125 0.34921875 0.028125 0.053125
1 0.98046875 0.1453125 0.0296875 0.0546875
1 0.6015625 0.55859375 0.03125 0.059375
1 0.12265625 0.5515625 0.0375 0.0609375
1 0.47890625 0.34921875 0.028125 0.059375
1 0.515625 0.35234375 0.028125 0.05625