1 0.5265625 0.440625 0.075 0.0375
1 0.3171875 0.44296875 0.075 0.0375
1 0.51484375 0.24453125 0.06875 0.034375
1 0.51640625 0.209375 0.05625 0.03125
1 0.51875 0.1703125 0.0546875 0.03125
1 0.51796875 0.125 0.0625 0.0328125
1 0.51875 0.90234375 0.0671875 0.03125
1 0.52421875 0.7125 0.05625 0.034375
1 0.51953125 0.56171875 0.065625 0.0328125
1 0.3125 0.56171875 0.0609375 0.034375
1 0.31171875 0.90390625 0.059375 0.0296875
1 0.30859375 0.93984375 0.0546875 0.0328125
1 0.30703125 0.98828125 0.0578125 0.0234375
1 0.09765625 0.90703125 0.0546875 0.03125
1 0.09375 0.94453125 0.0625 0.034375
1 0.0921875 0.9890625 0.059375 0.021875
1 0.3140625 0.715625 0.0625 0.03125
0 0.1015625 0.84375 0.05 0.0296875
0 0.1015625 0.8140625 0.05 0.0296875
0 0.3140625 0.865625 0.0515625 0.028125
0 0.31484375 0.83828125 0.05625 0.0296875
0 0.3140625 0.8109375 0.05625 0.0296875
0 0.52421875 0.8640625 0.053125 0.0296875
0 0.521875 0.8359375 0.053125 0.028125
0 0.52265625 0.81015625 0.0546875 0.03125
2 0.0953125 0.76640625 0.0671875 0.0375
2 0.3078125 0.7625 0.075 0.04375
2 0.51953125 0.7609375 0.06875 0.040625
2 0.1 0.609375 0.0625 0.0359375
2 0.31015625 0.60546875 0.071875 0.040625
2 0.51953125 0.603125 0.075 0.040625
0 0.1046875 0.653125 0.046875 0.021875
0 0.31640625 0.65078125 0.053125 0.028125
0 0.31875 0.678125 0.053125 0.028125
0 0.52421875 0.675 0.053125 0.028125
0 0.52578125 0.646875 0.0546875 0.028125
0 0.52578125 0.53125 0.05625 0.028125
0 0.52578125 0.503125 0.05625 0.0296875
2 0.52734375 0.475 0.05625 0.0296875
0 0.31640625 0.53203125 0.05 0.025
0 0.31796875 0.50390625 0.05625 0.0296875
0 0.31953125 0.475 0.059375 0.034375
1 0.5171875 0.93828125 0.05625 0.0296875
1 0.51875 0.9875 0.05625 0.025
0 0.10234375 0.5359375 0.053125 0.028125
0 0.10546875 0.5078125 0.05625 0.03125
0 0.10625 0.48046875 0.059375 0.03125