2 0.5296875 0.3 0.071875 0.040625
2 0.73828125 0.2953125 0.078125 0.04375
2 0.95 0.29140625 0.0671875 0.0390625
2 0.74375 0.3484375 0.0609375 0.0328125
2 0.5375 0.35390625 0.06875 0.034375
2 0.528125 0.40546875 0.065625 0.03125
2 0.7390625 0.3984375 0.0703125 0.0375
2 0.74453125 0.45390625 0.059375 0.0328125
2 0.53671875 0.45625 0.06875 0.040625
2 0.5359375 0.50625 0.0625 0.0375
2 0.74609375 0.50078125 0.0625 0.034375
2 0.534375 0.5515625 0.065625 0.0328125
2 0.74375 0.5484375 0.065625 0.03125
2 0.5296875 0.60546875 0.06875 0.0375
2 0.73515625 0.5984375 0.06875 0.0421875
2 0.534375 0.66015625 0.06875 0.0375
2 0.53515625 0.70703125 0.0640625 0.03125
2 0.73984375 0.653125 0.065625 0.034375
2 0.5390625 0.75390625 0.0640625 0.034375
2 0.53046875 0.80703125 0.065625 0.0359375
0 0.5375 0.859375 0.06875 0.03125
2 0.53515625 0.90703125 0.0640625 0.03125
2 0.534375 0.9375 0.06875 0.03125