2 0.63828125 0.48671875 0.028125 0.05
2 0.60078125 0.484375 0.0296875 0.053125
0 0.55546875 0.4828125 0.03125 0.0515625
2 0.51796875 0.484375 0.0296875 0.053125
2 0.47265625 0.48125 0.0296875 0.0546875
2 0.42109375 0.48984375 0.028125 0.053125
2 0.371875 0.4828125 0.028125 0.05
2 0.32578125 0.48359375 0.028125 0.0546875
2 0.2796875 0.48125 0.028125 0.0546875
2 0.60625 0.2828125 0.0265625 0.0515625
2 0.64609375 0.28828125 0.03125 0.053125
0 0.5609375 0.28359375 0.028125 0.0515625
2 0.52421875 0.28203125 0.028125 0.0515625
2 0.478125 0.28203125 0.028125 0.0546875
2 0.42734375 0.2875 0.028125 0.053125
2 0.37734375 0.28359375 0.028125 0.05
2 0.78125 0.0765625 0.028125 0.0484375
2 0.809375 0.07890625 0.028125 0.05
2 0.778125 0.28359375 0.028125 0.05
2 0.80625 0.28359375 0.025 0.05
0 0.8515625 0.28203125 0.0296875 0.05
0 0.853125 0.0765625 0.0296875 0.0546875
2 0.9046875 0.08203125 0.0296875 0.053125
2 0.9546875 0.07578125 0.0296875 0.05625
2 0.99375 0.07734375 0.0125 0.0546875
2 0.99296875 0.284375 0.0140625 0.053125
2 0.95234375 0.28515625 0.028125 0.053125
2 0.9015625 0.28984375 0.0296875 0.05625
0 0.84609375 0.4828125 0.028125 0.053125
2 0.8 0.48125 0.0265625 0.053125
2 0.77109375 0.4828125 0.028125 0.05
2 0.896875 0.4890625 0.0265625 0.053125
2 0.94609375 0.48203125 0.0265625 0.05625
2 0.23046875 0.4859375 0.0328125 0.059375
2 0.178125 0.48203125 0.034375 0.05625
2 0.1328125 0.484375 0.03125 0.059375
2 0.10234375 0.484375 0.03125 0.059375
2 0.33125 0.2859375 0.03125 0.05625