1 0.45625 0.415625 0.053125 0.028125
1 0.45703125 0.44453125 0.053125 0.028125
1 0.4578125 0.48984375 0.053125 0.028125
1 0.4625 0.5390625 0.053125 0.028125
1 0.45703125 0.5875 0.0515625 0.028125
1 0.45703125 0.6328125 0.053125 0.03125
1 0.4578125 0.678125 0.05 0.028125
1 0.4625 0.72734375 0.0515625 0.0296875
1 0.45625 0.77734375 0.053125 0.028125
1 0.459375 0.82265625 0.053125 0.0265625
1 0.2734375 0.72890625 0.05625 0.0296875
1 0.2671875 0.77890625 0.05625 0.028125
1 0.26640625 0.82421875 0.053125 0.028125
1 0.2671875 0.6796875 0.053125 0.0296875
1 0.2671875 0.634375 0.053125 0.028125
1 0.4578125 0.86875 0.05 0.028125
1 0.465625 0.91796875 0.053125 0.0296875
1 0.459375 0.96796875 0.053125 0.028125
1 0.26640625 0.96953125 0.053125 0.03125
1 0.2734375 0.9203125 0.053125 0.028125
1 0.2671875 0.86953125 0.053125 0.0296875
1 0.07890625 0.92265625 0.0546875 0.028125
1 0.265625 0.5890625 0.053125 0.0265625
1 0.27109375 0.53984375 0.053125 0.028125
1 0.26796875 0.48984375 0.053125 0.028125
1 0.4609375 0.2859375 0.05 0.0296875
1 0.4578125 0.2484375 0.0546875 0.03125
1 0.45703125 0.203125 0.05 0.0296875
1 0.45625 0.1203125 0.0515625 0.028125