2 0.55625 0.7109375 0.0625 0.0375
2 0.76171875 0.709375 0.065625 0.0328125
0 0.55234375 0.66328125 0.046875 0.025
0 0.55078125 0.6359375 0.046875 0.025
0 0.54921875 0.6109375 0.046875 0.0265625
0 0.759375 0.609375 0.04375 0.021875
1 0.55078125 0.7578125 0.0515625 0.028125
1 0.76015625 0.57265625 0.05 0.028125
1 0.55390625 0.57421875 0.05 0.0265625
1 0.55546875 0.5390625 0.05 0.028125
1 0.5578125 0.4859375 0.0515625 0.028125
1 0.55703125 0.4578125 0.05 0.028125
1 0.56015625 0.40859375 0.046875 0.028125
1 0.76484375 0.4859375 0.053125 0.0265625
1 0.76953125 0.4078125 0.0515625 0.028125
1 0.55546875 0.35625 0.05625 0.03125
1 0.76328125 0.3546875 0.05625 0.0296875
1 0.76796875 0.30234375 0.053125 0.028125
1 0.76796875 0.25390625 0.05 0.0296875
1 0.56015625 0.25625 0.053125 0.028125
1 0.7671875 0.20546875 0.053125 0.0296875
1 0.5578125 0.20703125 0.05 0.028125
1 0.553125 0.15390625 0.0515625 0.0296875
1 0.7609375 0.15234375 0.05625 0.028125
1 0.76796875 0.0984375 0.0546875 0.028125
1 0.5609375 0.1015625 0.053125 0.0265625
1 0.5578125 0.053125 0.053125 0.028125
1 0.76796875 0.05078125 0.05625 0.028125
1 0.7671875 0.01328125 0.053125 0.0265625
1 0.75859375 0.634375 0.040625 0.021875
1 0.7578125 0.6609375 0.04375 0.025
2 0.55234375 0.86328125 0.0640625 0.03125
0 0.5484375 0.81953125 0.046875 0.0234375
0 0.546875 0.79453125 0.0515625 0.028125
0 0.7546875 0.79296875 0.04375 0.025
0 0.75546875 0.8171875 0.046875 0.0234375
1 0.55 0.90703125 0.046875 0.028125