1 0.51640625 0.51796875 0.028125 0.05
1 0.41484375 0.51953125 0.0296875 0.05
1 0.465625 0.525 0.028125 0.053125
1 0.36875 0.5203125 0.0265625 0.05
1 0.3234375 0.51953125 0.028125 0.053125
1 0.271875 0.52578125 0.028125 0.05
1 0.22109375 0.52109375 0.03125 0.053125
1 0.26875 0.32734375 0.0265625 0.05
1 0.3203125 0.32109375 0.028125 0.05
1 0.36640625 0.32109375 0.028125 0.053125
1 0.41328125 0.32109375 0.025 0.0484375
1 0.56171875 0.51953125 0.0265625 0.0515625
1 0.21875 0.32265625 0.028125 0.053125
1 0.17109375 0.3234375 0.028125 0.053125
1 0.125 0.32265625 0.03125 0.053125
1 0.07421875 0.3265625 0.0296875 0.05
1 0.02421875 0.32109375 0.028125 0.053125
1 0.0765625 0.52734375 0.0296875 0.0546875
1 0.72578125 0.52265625 0.028125 0.053125
1 0.7640625 0.51953125 0.028125 0.0515625
1 0.46328125 0.3265625 0.0296875 0.053125