2 0.4125 0.59921875 0.0625 0.0296875
2 0.4109375 0.5546875 0.06875 0.028125
2 0.409375 0.509375 0.0609375 0.03125
2 0.41171875 0.46484375 0.0578125 0.03125
2 0.41328125 0.42578125 0.05625 0.034375
2 0.40546875 0.39296875 0.0703125 0.0375
1 0.20625 0.19375 0.0703125 0.0390625
1 0.20234375 0.075 0.05625 0.034375
1 0.4171875 0.196875 0.06875 0.040625
1 0.4109375 0.0765625 0.05625 0.0328125
1 0.19609375 0.390625 0.06875 0.040625
1 0.19765625 0.425 0.0515625 0.028125
2 0.01171875 0.02734375 0.0234375 0.0421875
2 0.2 0.03125 0.06875 0.040625
2 0.4109375 0.034375 0.065625 0.0375
0 0.20390625 0.10390625 0.053125 0.03125
0 0.2046875 0.1328125 0.0578125 0.0265625
0 0.2078125 0.1609375 0.059375 0.03125
0 0.01015625 0.1 0.0203125 0.03125
0 0.0078125 0.1265625 0.015625 0.03125
0 0.41328125 0.1078125 0.0609375 0.028125
0 0.415625 0.13515625 0.053125 0.0296875
0 0.009375 0.15703125 0.01875 0.03125