1 0.74296875 0.89296875 0.0546875 0.03125
1 0.74453125 0.8453125 0.05625 0.0296875
1 0.7375 0.7921875 0.053125 0.0296875
1 0.7421875 0.73984375 0.0546875 0.028125
1 0.73984375 0.6921875 0.053125 0.028125
1 0.53203125 0.79140625 0.0546875 0.028125
1 0.53671875 0.7390625 0.05 0.0296875
1 0.53359375 0.69140625 0.05 0.028125
1 0.53515625 0.66171875 0.0484375 0.028125
1 0.53515625 0.609375 0.0515625 0.028125
1 0.53046875 0.5765625 0.053125 0.028125
1 0.740625 0.61328125 0.046875 0.025
1 0.73671875 0.578125 0.05 0.0296875
1 0.740625 0.66328125 0.046875 0.0265625
1 0.73671875 0.9890625 0.05625 0.021875
1 0.74375 0.93984375 0.0546875 0.028125
0 0.7328125 0.5421875 0.046875 0.0265625
0 0.52890625 0.540625 0.0484375 0.025
0 0.73359375 0.5171875 0.046875 0.0265625
0 0.52890625 0.51328125 0.05 0.025
0 0.73359375 0.4921875 0.04375 0.0234375
0 0.5296875 0.48828125 0.046875 0.028125
2 0.53515625 0.44140625 0.0625 0.0375
2 0.73828125 0.44375 0.065625 0.0375
1 0.5296875 0.39609375 0.05 0.028125
0 0.52421875 0.36015625 0.046875 0.028125
0 0.73125 0.36171875 0.04375 0.0234375
0 0.52421875 0.3328125 0.05 0.0265625
0 0.73125 0.3359375 0.0453125 0.025
2 0.53046875 0.290625 0.0625 0.034375
2 0.7375 0.29375 0.059375 0.034375
1 0.528125 0.24921875 0.0484375 0.028125
0 0.52734375 0.22109375 0.046875 0.025
0 0.5265625 0.19296875 0.046875 0.028125
1 0.521875 0.13515625 0.0625 0.034375