1 0.5296875 0.703125 0.0640625 0.0375
1 0.5375 0.65390625 0.053125 0.028125
1 0.53203125 0.60390625 0.053125 0.0296875
1 0.5375 0.5546875 0.053125 0.0296875
1 0.53828125 0.5078125 0.0546875 0.028125
1 0.53828125 0.4625 0.053125 0.03125
1 0.72578125 0.7046875 0.06875 0.0359375
1 0.734375 0.65546875 0.053125 0.028125
1 0.7265625 0.60546875 0.0546875 0.03125
1 0.7328125 0.5546875 0.05625 0.028125
1 0.5328125 0.41328125 0.0578125 0.03125
1 0.5375 0.3625 0.05625 0.03125
1 0.53828125 0.3171875 0.059375 0.03125
1 0.53984375 0.271875 0.05625 0.0296875
1 0.53359375 0.221875 0.05625 0.0296875
1 0.53828125 0.171875 0.053125 0.03125
1 0.540625 0.12734375 0.05625 0.0328125
1 0.540625 0.09609375 0.065625 0.0296875