1 0.50078125 0.2296875 0.0546875 0.028125
1 0.49921875 0.25859375 0.0578125 0.028125
1 0.50078125 0.3046875 0.05625 0.0296875
1 0.49375 0.35703125 0.05625 0.03125
1 0.50078125 0.40859375 0.0578125 0.0296875
1 0.49921875 0.45546875 0.05625 0.028125
1 0.5 0.503125 0.059375 0.03125
1 0.49296875 0.5546875 0.053125 0.028125
1 0.70078125 0.4609375 0.05625 0.028125
1 0.70234375 0.5078125 0.059375 0.03125
1 0.6953125 0.559375 0.0515625 0.028125
1 0.703125 0.4125 0.053125 0.028125
1 0.7015625 0.61171875 0.05625 0.0265625
1 0.7 0.66015625 0.05625 0.028125
1 0.7 0.70625 0.0578125 0.0296875
1 0.69375 0.75859375 0.05625 0.028125
1 0.6984375 0.8109375 0.05625 0.028125
1 0.69375 0.86171875 0.065625 0.040625
1 0.48984375 0.8578125 0.0703125 0.0390625
1 0.496875 0.80546875 0.053125 0.03125
1 0.49140625 0.75390625 0.05625 0.028125
1 0.49765625 0.70234375 0.0515625 0.0296875
1 0.4984375 0.65390625 0.0578125 0.03125
1 0.49921875 0.60703125 0.0546875 0.0296875
1 0.69609375 0.36171875 0.05625 0.03125
1 0.49765625 0.09140625 0.0609375 0.0328125