1 0.57890625 0.4625 0.0375 0.0734375
1 0.5296875 0.45625 0.028125 0.053125
1 0.48046875 0.4609375 0.028125 0.0546875
1 0.43203125 0.45546875 0.028125 0.05
1 0.5796875 0.275 0.034375 0.0625
1 0.3875 0.45546875 0.028125 0.053125
1 0.3421875 0.45546875 0.028125 0.053125
1 0.29375 0.4609375 0.028125 0.053125
1 0.24453125 0.453125 0.028125 0.05
1 0.2 0.45390625 0.028125 0.053125
1 0.9390625 0.27265625 0.0359375 0.0625
1 0.96875 0.28046875 0.0296875 0.053125
1 0.94296875 0.08046875 0.034375 0.0625
1 0.9375 0.4625 0.0375 0.059375
1 0.96953125 0.46796875 0.028125 0.05
1 0.97265625 0.08828125 0.028125 0.05
1 0.15546875 0.4546875 0.034375 0.0546875