2 0.471875 0.2453125 0.05625 0.03125
2 0.46875 0.19296875 0.059375 0.03125
2 0.4671875 0.1578125 0.05625 0.028125
2 0.47109375 0.27578125 0.0546875 0.0296875
2 0.47578125 0.325 0.0546875 0.03125
2 0.46875 0.37890625 0.05625 0.03125
2 0.47421875 0.43203125 0.05625 0.028125
2 0.4765625 0.48125 0.059375 0.03125
2 0.47578125 0.53046875 0.05625 0.0296875
2 0.46953125 0.5828125 0.0625 0.0296875
2 0.4734375 0.6359375 0.059375 0.03125
2 0.4734375 0.68515625 0.0625 0.03125
2 0.68671875 0.6921875 0.05625 0.03125
2 0.6859375 0.6421875 0.05625 0.0328125
2 0.68046875 0.5890625 0.05625 0.03125
2 0.68671875 0.5359375 0.05625 0.03125
2 0.68671875 0.4875 0.0578125 0.028125
2 0.68671875 0.4375 0.0546875 0.028125
2 0.68046875 0.38515625 0.0578125 0.03125
0 0.6875 0.73203125 0.0546875 0.0296875
2 0.6859375 0.7796875 0.05625 0.03125
2 0.6796875 0.8203125 0.0625 0.03125
2 0.68671875 0.96328125 0.059375 0.028125
2 0.9078125 0.965625 0.059375 0.0296875
2 0.6890625 0.98984375 0.05625 0.0203125
2 0.90859375 0.98984375 0.053125 0.0203125
2 0.90234375 0.8234375 0.05625 0.03125
2 0.90625 0.7828125 0.05 0.03125
0 0.90625 0.73359375 0.053125 0.0296875
2 0.90625 0.69375 0.0484375 0.028125
2 0.90703125 0.64375 0.05 0.0265625
0 0.47421875 0.725 0.05625 0.0296875
2 0.47421875 0.7734375 0.0578125 0.028125
2 0.4671875 0.81328125 0.053125 0.03125
2 0.46953125 0.0203125 0.0765625 0.040625
0 0.465625 0.1203125 0.0515625 0.0296875
0 0.4625 0.09453125 0.05 0.0265625
0 0.4640625 0.06640625 0.05 0.028125