1 0.60078125 0.4921875 0.040625 0.06875
1 0.546875 0.48359375 0.028125 0.05
1 0.49375 0.48671875 0.034375 0.059375
1 0.43984375 0.48203125 0.03125 0.0578125
1 0.60234375 0.28359375 0.040625 0.065625
1 0.34140625 0.48125 0.0375 0.05625
1 0.2890625 0.4859375 0.034375 0.05625
1 0.23515625 0.48125 0.0375 0.05625
1 0.1875 0.48125 0.03125 0.059375
1 0.54921875 0.271875 0.0296875 0.059375
1 0.49765625 0.28046875 0.034375 0.053125
1 0.9859375 0.4890625 0.028125 0.0734375
1 0.9875 0.27890625 0.025 0.0703125
1 0.9875 0.0734375 0.025 0.08125