2 0.4953125 0.39921875 0.0609375 0.0328125
2 0.4921875 0.43046875 0.053125 0.0265625
2 0.49375 0.465625 0.05 0.025
2 0.49375 0.50703125 0.05 0.0265625
2 0.49453125 0.54765625 0.0484375 0.028125
2 0.490625 0.5890625 0.05 0.028125
2 0.684375 0.5828125 0.0484375 0.025
2 0.68828125 0.54140625 0.05 0.025
2 0.68671875 0.50078125 0.05 0.028125
2 0.6875 0.459375 0.05 0.0265625
2 0.68671875 0.42578125 0.05 0.0265625
2 0.68984375 0.39375 0.059375 0.0328125
2 0.68046875 0.21484375 0.0609375 0.034375
2 0.4859375 0.22109375 0.0625 0.0328125
2 0.4921875 0.07421875 0.059375 0.0328125
2 0.6875 0.0671875 0.0625 0.034375
0 0.68359375 0.10703125 0.0515625 0.0265625
0 0.68125 0.13359375 0.05 0.025
0 0.68125 0.159375 0.0453125 0.0234375
0 0.6828125 0.184375 0.046875 0.0234375
0 0.68125 0.0265625 0.0453125 0.025
0 0.490625 0.1125 0.05 0.025
0 0.4875 0.13984375 0.04375 0.025
0 0.48671875 0.165625 0.046875 0.025
0 0.48671875 0.19140625 0.046875 0.025
2 0.8890625 0.06484375 0.0625 0.0359375
2 0.88203125 0.21328125 0.059375 0.034375
0 0.884375 0.18203125 0.04375 0.0234375
0 0.88203125 0.15625 0.0453125 0.0234375
0 0.8828125 0.13125 0.046875 0.025
0 0.8859375 0.10390625 0.0515625 0.0265625
0 0.884375 0.025 0.0484375 0.025
2 0.89453125 0.3921875 0.065625 0.034375