1 0.490625 0.41328125 0.071875 0.034375
1 0.2890625 0.415625 0.071875 0.0359375
1 0.4796875 0.2234375 0.065625 0.034375
1 0.48125 0.18984375 0.053125 0.0296875
1 0.48359375 0.1515625 0.053125 0.03125
1 0.4828125 0.10859375 0.059375 0.03125
1 0.48359375 0.85859375 0.065625 0.0296875
1 0.4890625 0.675 0.053125 0.0328125
1 0.484375 0.53046875 0.0625 0.03125
1 0.284375 0.5296875 0.059375 0.034375
1 0.284375 0.86015625 0.05625 0.028125
1 0.28125 0.8953125 0.053125 0.03125
1 0.2796875 0.94609375 0.05625 0.03125
1 0.28046875 0.9765625 0.05625 0.0296875
1 0.07734375 0.86328125 0.053125 0.03125
1 0.07421875 0.89921875 0.0609375 0.0328125
1 0.07265625 0.95 0.059375 0.034375
1 0.2859375 0.678125 0.059375 0.0296875
0 0.08125 0.80234375 0.0484375 0.028125
0 0.08125 0.7734375 0.0484375 0.0296875
0 0.2859375 0.82265625 0.05 0.028125
0 0.28671875 0.796875 0.053125 0.028125
0 0.2859375 0.7703125 0.053125 0.028125
0 0.4890625 0.821875 0.05 0.028125
0 0.48671875 0.79453125 0.0515625 0.028125
0 0.48671875 0.76953125 0.053125 0.0296875
2 0.075 0.728125 0.065625 0.0375
2 0.2796875 0.7234375 0.071875 0.0421875
2 0.48359375 0.72265625 0.0671875 0.0390625
2 0.0796875 0.57578125 0.0609375 0.034375
2 0.28203125 0.571875 0.06875 0.0390625
2 0.484375 0.5703125 0.071875 0.0390625
0 0.084375 0.61796875 0.0453125 0.021875
0 0.28828125 0.615625 0.05 0.028125
0 0.290625 0.6421875 0.05 0.0265625
0 0.4890625 0.6390625 0.0515625 0.025
0 0.490625 0.61171875 0.053125 0.028125
0 0.490625 0.50078125 0.0546875 0.0265625
0 0.490625 0.4734375 0.0546875 0.028125
2 0.49140625 0.44609375 0.05625 0.028125
0 0.28828125 0.50078125 0.046875 0.025
0 0.290625 0.47421875 0.053125 0.028125
0 0.29140625 0.44609375 0.0578125 0.0328125
1 0.48203125 0.89375 0.053125 0.028125
1 0.484375 0.94453125 0.0546875 0.03125
1 0.48203125 0.9734375 0.053125 0.03125
0 0.08203125 0.5046875 0.0515625 0.0265625
0 0.08515625 0.478125 0.0546875 0.03125
0 0.0859375 0.4515625 0.05625 0.03125