1 0.46796875 0.575 0.053125 0.0296875
1 0.47265625 0.5265625 0.053125 0.028125
1 0.471875 0.48046875 0.0515625 0.028125
1 0.47109375 0.44375 0.05 0.025
1 0.47109375 0.3984375 0.05 0.0265625
1 0.4734375 0.625 0.05 0.028125
1 0.471875 0.6703125 0.05 0.0265625
1 0.4734375 0.71640625 0.0484375 0.025
1 0.6640625 0.396875 0.053125 0.025
1 0.66171875 0.3578125 0.0515625 0.028125
1 0.46796875 0.765625 0.05 0.028125
1 0.665625 0.0546875 0.0515625 0.028125
1 0.6640625 0.0109375 0.0546875 0.021875
1 0.659375 0.103125 0.05 0.028125
1 0.66640625 0.15390625 0.05 0.028125
1 0.66640625 0.19921875 0.05 0.0265625
1 0.47109375 0.15625 0.05 0.0265625
1 0.4703125 0.05546875 0.05 0.028125
1 0.471875 0.01171875 0.05 0.0234375
1 0.465625 0.10625 0.0578125 0.028125
1 0.471875 0.19921875 0.05 0.0265625
1 0.471875 0.2296875 0.05 0.0265625
1 0.66640625 0.2265625 0.0515625 0.028125
1 0.86015625 0.009375 0.0515625 0.01875
1 0.46875 0.3625 0.05625 0.0296875
1 0.475 0.815625 0.05625 0.0375
1 0.66640625 0.478125 0.05625 0.0265625
1 0.6640625 0.44375 0.053125 0.028125