1 0.196875 0.40859375 0.034375 0.053125
1 0.234375 0.4125 0.03125 0.0515625
1 0.2875 0.4125 0.03125 0.05625
1 0.31796875 0.41171875 0.03125 0.05625
1 0.3671875 0.41640625 0.03125 0.05625
1 0.421875 0.41015625 0.0296875 0.059375
1 0.4765625 0.415625 0.03125 0.05625
1 0.52734375 0.41484375 0.03125 0.05625
1 0.5765625 0.41484375 0.028125 0.0546875
1 0.63125 0.409375 0.028125 0.059375
1 0.68515625 0.41640625 0.03125 0.05625
1 0.73515625 0.4125 0.0296875 0.05625
1 0.7375 0.62734375 0.03125 0.05625
1 0.77734375 0.62578125 0.0296875 0.05625
1 0.68671875 0.6265625 0.03125 0.053125
1 0.63359375 0.62265625 0.0328125 0.0515625
1 0.578125 0.62421875 0.0328125 0.05625
1 0.528125 0.628125 0.03125 0.059375
1 0.47890625 0.6265625 0.028125 0.0546875
1 0.77578125 0.41171875 0.028125 0.053125
1 0.8265625 0.41328125 0.028125 0.0546875
1 0.86640625 0.40859375 0.034375 0.059375
1 0.8265625 0.6265625 0.03125 0.05625
1 0.86875 0.62109375 0.03125 0.0578125
0 0.15859375 0.40546875 0.0265625 0.0484375
0 0.1328125 0.4046875 0.025 0.0484375
0 0.10625 0.4046875 0.0265625 0.046875
2 0.05625 0.40859375 0.0375 0.06875
0 0.1625 0.6171875 0.028125 0.046875
0 0.13515625 0.6171875 0.0265625 0.046875
0 0.109375 0.61640625 0.0265625 0.04375
2 0.06015625 0.62109375 0.0375 0.06875