2 0.5546875 0.39375 0.0640625 0.03125
2 0.55546875 0.43828125 0.06875 0.028125
2 0.5578125 0.484375 0.0609375 0.03125
2 0.5546875 0.5296875 0.0578125 0.03125
2 0.55390625 0.56796875 0.0578125 0.034375
2 0.56171875 0.6015625 0.071875 0.0375
1 0.76171875 0.8015625 0.0703125 0.0390625
1 0.765625 0.92109375 0.05625 0.034375
1 0.54921875 0.79921875 0.06875 0.040625
1 0.55546875 0.91953125 0.05625 0.0328125
1 0.771875 0.603125 0.06875 0.040625
1 0.7703125 0.56875 0.053125 0.028125
2 0.97265625 0.96875 0.053125 0.0421875
2 0.76875 0.965625 0.06875 0.040625
2 0.55625 0.9625 0.0671875 0.0375
0 0.7640625 0.8921875 0.053125 0.03125
0 0.76328125 0.86328125 0.0578125 0.0265625
0 0.76015625 0.83515625 0.059375 0.03125
0 0.97421875 0.896875 0.0515625 0.03125
0 0.9765625 0.86953125 0.046875 0.03125
0 0.553125 0.8890625 0.0625 0.028125
0 0.55078125 0.8609375 0.0546875 0.0296875
0 0.553125 0.996875 0.0484375 0.00625
0 0.97578125 0.8375 0.0484375 0.03125