1 0.40390625 0.525 0.025 0.0515625
1 0.43125 0.521875 0.028125 0.05625
1 0.475 0.5234375 0.028125 0.053125
1 0.52421875 0.51953125 0.028125 0.05625
1 0.57265625 0.525 0.0265625 0.053125
1 0.61640625 0.52265625 0.0265625 0.053125
1 0.48046875 0.71328125 0.028125 0.0546875
1 0.43515625 0.7125 0.025 0.053125
1 0.4078125 0.7125 0.028125 0.053125
1 0.27890625 0.70703125 0.025 0.05
1 0.24296875 0.7140625 0.0265625 0.053125
1 0.27578125 0.51953125 0.028125 0.05
1 0.23828125 0.525 0.028125 0.0515625
1 0.19296875 0.525 0.0265625 0.0515625
1 0.1578125 0.52421875 0.028125 0.053125
1 0.11171875 0.525 0.028125 0.053125
1 0.0640625 0.52109375 0.028125 0.053125
1 0.528125 0.70859375 0.028125 0.053125
1 0.57734375 0.7140625 0.028125 0.053125
1 0.62109375 0.7125 0.028125 0.053125
1 0.665625 0.7125 0.028125 0.0546875
1 0.7140625 0.70703125 0.028125 0.053125
1 0.76328125 0.71171875 0.0296875 0.05625
1 0.80859375 0.7125 0.028125 0.053125
1 0.85390625 0.903125 0.03125 0.053125
1 0.66171875 0.52265625 0.028125 0.05
1 0.709375 0.51953125 0.0265625 0.0515625
1 0.7578125 0.52578125 0.025 0.05
1 0.80390625 0.521875 0.0265625 0.05
1 0.85234375 0.71171875 0.03125 0.053125
1 0.9015625 0.70703125 0.0296875 0.05625
1 0.9484375 0.71171875 0.03125 0.05625
1 0.62265625 0.9046875 0.03125 0.059375
1 0.953125 0.90390625 0.0296875 0.0609375
1 0.53125 0.89765625 0.028125 0.05625