1 0.41171875 0.45234375 0.028125 0.05625
1 0.45859375 0.45078125 0.028125 0.05625
1 0.50078125 0.4515625 0.028125 0.05625
1 0.54765625 0.45234375 0.028125 0.0578125
1 0.58671875 0.45 0.03125 0.059375
1 0.621875 0.4484375 0.0375 0.06875
1 0.6265625 0.23671875 0.040625 0.071875
1 0.59140625 0.24296875 0.03125 0.05625
1 0.55234375 0.24140625 0.028125 0.059375
1 0.5078125 0.240625 0.03125 0.0578125
1 0.4625 0.2421875 0.028125 0.05625
1 0.4171875 0.2453125 0.03125 0.05625
1 0.81875 0.45703125 0.040625 0.0734375
1 0.93984375 0.453125 0.0375 0.075
1 0.8234375 0.24765625 0.040625 0.075
1 0.825 0.03515625 0.0375 0.0703125
1 0.9484375 0.03125 0.034375 0.0609375
2 0.9828125 0.24140625 0.034375 0.0765625
2 0.984375 0.0328125 0.03125 0.065625
0 0.85625 0.24765625 0.028125 0.053125
0 0.88515625 0.25 0.0265625 0.053125
0 0.9140625 0.2484375 0.0296875 0.0546875
0 0.859375 0.03203125 0.0296875 0.0546875
0 0.88984375 0.03359375 0.03125 0.059375
0 0.91640625 0.0359375 0.03125 0.053125
1 0.94296875 0.2453125 0.034375 0.059375