1 0.6359375 0.53046875 0.028125 0.0515625
1 0.59921875 0.5328125 0.028125 0.0515625
1 0.55390625 0.534375 0.025 0.0546875
1 0.5171875 0.53359375 0.03125 0.05625
1 0.47265625 0.5359375 0.0296875 0.053125
1 0.4234375 0.52890625 0.0296875 0.053125
1 0.375 0.53515625 0.028125 0.0515625
1 0.3296875 0.534375 0.028125 0.0546875
1 0.284375 0.534375 0.03125 0.053125
1 0.23515625 0.5296875 0.03125 0.053125
1 0.1859375 0.5359375 0.0296875 0.0546875
1 0.14140625 0.53203125 0.028125 0.053125
1 0.765625 0.53359375 0.028125 0.053125
1 0.7953125 0.5328125 0.028125 0.0515625
1 0.8390625 0.53359375 0.028125 0.053125
1 0.88828125 0.52734375 0.028125 0.053125
1 0.9375 0.53203125 0.03125 0.0546875
1 0.98359375 0.53046875 0.028125 0.053125
1 0.984375 0.7265625 0.03125 0.05625
1 0.9390625 0.7265625 0.03125 0.053125
1 0.890625 0.721875 0.0296875 0.053125
1 0.84140625 0.72578125 0.0328125 0.05625
1 0.796875 0.728125 0.028125 0.0515625
1 0.76796875 0.72890625 0.028125 0.0578125
1 0.63828125 0.7234375 0.0296875 0.053125
1 0.60078125 0.72734375 0.028125 0.05
1 0.55703125 0.72734375 0.028125 0.053125
1 0.51953125 0.7265625 0.0296875 0.053125
1 0.4734375 0.72890625 0.028125 0.053125
1 0.425 0.7234375 0.0296875 0.053125
1 0.3765625 0.72890625 0.03125 0.05625
1 0.77265625 0.9203125 0.028125 0.05