1 0.1296875 0.4890625 0.0296875 0.053125
1 0.16796875 0.4921875 0.03125 0.059375
1 0.2171875 0.49375 0.028125 0.0546875
1 0.25546875 0.49375 0.028125 0.053125
1 0.30390625 0.49296875 0.03125 0.05625
1 0.35546875 0.490625 0.028125 0.0578125
1 0.40703125 0.4953125 0.03125 0.05625
1 0.45546875 0.49453125 0.028125 0.053125
1 0.503125 0.496875 0.028125 0.053125
1 0.5546875 0.490625 0.028125 0.053125
1 0.1671875 0.6984375 0.028125 0.05625
1 0.1265625 0.6921875 0.028125 0.05
1 0.21484375 0.69765625 0.0296875 0.053125
1 0.253125 0.69921875 0.0296875 0.053125
1 0.30078125 0.6984375 0.028125 0.053125
1 0.353125 0.6921875 0.03125 0.05625
1 0.4046875 0.6984375 0.028125 0.05625
1 0.453125 0.6984375 0.03125 0.05625
1 0.50078125 0.696875 0.028125 0.05625
1 0.6078125 0.49765625 0.03125 0.053125
1 0.684375 0.4921875 0.0296875 0.05
1 0.7359375 0.490625 0.028125 0.0546875
1 0.76953125 0.4890625 0.028125 0.0515625
0 0.80703125 0.48671875 0.021875 0.04375
0 0.83359375 0.48515625 0.025 0.046875
0 0.85859375 0.4859375 0.025 0.04375
2 0.90703125 0.49140625 0.034375 0.0609375
2 0.9046875 0.6984375 0.0375 0.06875