1 0.52734375 0.0921875 0.065625 0.0375
1 0.53671875 0.14296875 0.05625 0.03125
1 0.53046875 0.19296875 0.05625 0.03125
1 0.53515625 0.24375 0.053125 0.0296875
1 0.5359375 0.28828125 0.053125 0.03125
1 0.53515625 0.33515625 0.059375 0.03125
1 0.5296875 0.38515625 0.05625 0.028125
1 0.72890625 0.19140625 0.0546875 0.0296875
1 0.734375 0.14140625 0.053125 0.0296875
1 0.7265625 0.090625 0.0625 0.0375
1 0.73515625 0.240625 0.053125 0.028125
1 0.73515625 0.2875 0.05625 0.0296875
1 0.7328125 0.3328125 0.053125 0.028125
1 0.7296875 0.38359375 0.053125 0.028125
1 0.5359375 0.43515625 0.05625 0.03125
1 0.5359375 0.48046875 0.059375 0.03125
1 0.734375 0.43359375 0.053125 0.0296875
1 0.53671875 0.52578125 0.0515625 0.028125
1 0.73359375 0.47890625 0.05625 0.03125
1 0.53046875 0.5765625 0.05625 0.028125
1 0.5375 0.628125 0.05625 0.0296875
1 0.53671875 0.67265625 0.053125 0.028125
1 0.53671875 0.7015625 0.05625 0.028125
1 0.73515625 0.525 0.05625 0.0296875
1 0.53359375 0.834375 0.0515625 0.03125
1 0.53984375 0.87109375 0.053125 0.028125
1 0.72890625 0.575 0.0578125 0.0296875