1 0.50390625 0.44453125 0.0515625 0.028125
1 0.50234375 0.54765625 0.05 0.0296875
1 0.496875 0.49609375 0.0546875 0.028125
1 0.5015625 0.59453125 0.0515625 0.0265625
1 0.50234375 0.640625 0.053125 0.028125
1 0.49609375 0.69296875 0.0515625 0.0296875
1 0.50078125 0.74453125 0.053125 0.03125
1 0.6984375 0.69609375 0.05 0.0265625
1 0.70390625 0.64375 0.05 0.028125
1 0.70390625 0.596875 0.053125 0.028125
1 0.70390625 0.55 0.05 0.0265625
1 0.50234375 0.39765625 0.053125 0.028125
1 0.703125 0.746875 0.053125 0.028125
1 0.7015625 0.7953125 0.053125 0.028125
1 0.70234375 0.8421875 0.0546875 0.03125
1 0.6984375 0.89453125 0.05 0.0296875
1 0.70390625 0.9453125 0.0546875 0.0296875
1 0.49453125 0.8921875 0.05625 0.03125
1 0.5 0.23125 0.0546875 0.028125
1 0.50234375 0.19296875 0.053125 0.0296875
1 0.6984375 0.4984375 0.0546875 0.03125