1 0.51640625 0.81796875 0.05 0.028125
1 0.52109375 0.73671875 0.053125 0.028125
1 0.5203125 0.7078125 0.053125 0.0265625
1 0.525 0.6625 0.05625 0.028125
1 0.51875 0.6109375 0.053125 0.028125
1 0.52578125 0.5625 0.053125 0.028125
1 0.52421875 0.51640625 0.0515625 0.028125
1 0.5234375 0.47109375 0.053125 0.028125
1 0.51796875 0.4203125 0.0546875 0.028125
0 0.515625 0.85234375 0.04375 0.025
0 0.515625 0.87890625 0.04375 0.025
0 0.51640625 0.90234375 0.05 0.025
1 0.525 0.371875 0.05 0.028125
1 0.52421875 0.32578125 0.053125 0.028125
1 0.5234375 0.2875 0.053125 0.028125
1 0.52265625 0.2421875 0.05625 0.028125
1 0.51796875 0.20390625 0.0515625 0.028125
1 0.71171875 0.203125 0.053125 0.0265625
1 0.715625 0.24140625 0.05625 0.0296875
1 0.715625 0.2875 0.0515625 0.028125
1 0.7140625 0.325 0.0515625 0.0296875
1 0.71640625 0.3703125 0.053125 0.0296875
1 0.7109375 0.41953125 0.05625 0.0296875
1 0.7171875 0.46953125 0.053125 0.0296875
0 0.71015625 0.85078125 0.040625 0.0203125
0 0.70859375 0.875 0.040625 0.0234375
0 0.70703125 0.9 0.04375 0.025
2 0.5203125 0.946875 0.065625 0.034375
1 0.51875 0.7859375 0.0515625 0.028125
1 0.715625 0.06953125 0.0515625 0.028125
1 0.71484375 0.04140625 0.053125 0.028125
1 0.52109375 0.07109375 0.053125 0.028125
1 0.51953125 0.04296875 0.05625 0.03125
1 0.7171875 0.51484375 0.053125 0.028125