1 0.55546875 0.4046875 0.0640625 0.0390625
1 0.56015625 0.515625 0.053125 0.03125
1 0.75078125 0.40703125 0.0625 0.0375
1 0.75625 0.515625 0.059375 0.03125
1 0.56015625 0.659375 0.05625 0.03125
1 0.76171875 0.8375 0.0546875 0.0296875
1 0.5640625 0.8359375 0.0578125 0.0296875
1 0.7671875 0.98984375 0.059375 0.0203125
2 0.96171875 0.56171875 0.0625 0.0375
2 0.759375 0.55859375 0.071875 0.040625
2 0.5625 0.55703125 0.06875 0.0375
2 0.9609375 0.71171875 0.06875 0.040625
2 0.7609375 0.70546875 0.071875 0.0375
2 0.5640625 0.703125 0.0765625 0.0390625
0 0.55859375 0.79921875 0.053125 0.028125
0 0.95703125 0.80703125 0.053125 0.028125
0 0.76015625 0.8015625 0.053125 0.028125
0 0.9578125 0.78046875 0.053125 0.028125
0 0.75859375 0.77734375 0.0609375 0.03125
0 0.56171875 0.775 0.059375 0.025
0 0.75859375 0.75 0.05625 0.0265625
0 0.56015625 0.74765625 0.065625 0.03125
0 0.95703125 0.753125 0.053125 0.028125
0 0.7546875 0.62578125 0.05 0.028125
0 0.55625 0.62265625 0.05 0.0265625
0 0.5578125 0.596875 0.0546875 0.03125
0 0.75625 0.5984375 0.046875 0.028125
0 0.95234375 0.60625 0.0515625 0.028125
0 0.75625 0.490625 0.059375 0.03125
0 0.75625 0.46328125 0.0515625 0.03125
0 0.7546875 0.434375 0.0640625 0.0328125
0 0.5578125 0.4875 0.0578125 0.028125
0 0.5578125 0.46015625 0.0578125 0.03125
1 0.76328125 0.921875 0.053125 0.028125
1 0.76328125 0.9515625 0.0515625 0.0296875
1 0.76015625 0.871875 0.053125 0.03125
1 0.5640625 0.91875 0.05 0.028125
2 0.56171875 0.21953125 0.059375 0.034375
2 0.55703125 0.1859375 0.0609375 0.028125
2 0.55703125 0.15078125 0.0609375 0.028125
2 0.55625 0.10625 0.0625 0.034375
2 0.55859375 0.06328125 0.0578125 0.03125
1 0.5703125 0.98984375 0.0625 0.0203125