2 0.53828125 0.73515625 0.06875 0.0390625
2 0.7421875 0.73359375 0.0671875 0.0375
2 0.53515625 0.88984375 0.071875 0.0421875
0 0.5359375 0.68828125 0.0546875 0.03125
0 0.534375 0.66171875 0.0546875 0.03125
0 0.53203125 0.63359375 0.05 0.03125
0 0.7359375 0.68515625 0.05625 0.028125
0 0.734375 0.6609375 0.059375 0.03125
0 0.73515625 0.63203125 0.0625 0.028125
1 0.53203125 0.5984375 0.053125 0.028125
1 0.53515625 0.5640625 0.0546875 0.03125
1 0.53515625 0.51171875 0.0578125 0.03125
1 0.53671875 0.48125 0.0578125 0.03125
1 0.5421875 0.434375 0.05625 0.03125
1 0.534375 0.38203125 0.05625 0.0296875
1 0.53984375 0.328125 0.0546875 0.028125
1 0.53984375 0.28125 0.05625 0.03125
1 0.7375 0.38046875 0.0578125 0.03125
1 0.74375 0.328125 0.05625 0.03125
1 0.53984375 0.23359375 0.053125 0.03125
1 0.7453125 0.23046875 0.0578125 0.03125
1 0.74453125 0.2796875 0.05625 0.03125
1 0.74375 0.4328125 0.053125 0.034375
1 0.73828125 0.17890625 0.05625 0.034375
1 0.74140625 0.12578125 0.05625 0.03125
1 0.74296875 0.078125 0.05625 0.034375
1 0.5390625 0.128125 0.059375 0.03125
1 0.53359375 0.18046875 0.053125 0.0296875
1 0.74296875 0.03828125 0.05625 0.03125
1 0.53984375 0.0796875 0.0578125 0.03125
1 0.53828125 0.0046875 0.0640625 0.009375
1 0.74140625 0.4796875 0.05625 0.0296875
1 0.53125 0.7796875 0.05625 0.0296875
0 0.52890625 0.8171875 0.046875 0.025
0 0.52890625 0.84453125 0.046875 0.028125
2 0.73671875 0.884375 0.059375 0.0328125
0 0.73359375 0.84140625 0.046875 0.0265625
0 0.73203125 0.81484375 0.04375 0.025