1 0.50234375 0.45546875 0.05 0.028125
1 0.50390625 0.5578125 0.05 0.0296875
1 0.509375 0.50625 0.053125 0.028125
1 0.5046875 0.60390625 0.05 0.0265625
1 0.503125 0.64921875 0.053125 0.028125
1 0.509375 0.7 0.05 0.028125
1 0.50546875 0.75078125 0.053125 0.03125
1 0.3109375 0.70390625 0.05 0.0265625
1 0.30546875 0.65234375 0.05 0.028125
1 0.30546875 0.60625 0.053125 0.028125
1 0.30546875 0.559375 0.0484375 0.025
1 0.50390625 0.41015625 0.0515625 0.0265625
1 0.30625 0.753125 0.053125 0.028125
1 0.3078125 0.8015625 0.053125 0.028125
1 0.30703125 0.846875 0.053125 0.03125
1 0.3109375 0.8984375 0.05 0.0296875
1 0.30546875 0.9484375 0.053125 0.028125
1 0.51171875 0.89609375 0.0546875 0.0296875
1 0.50625 0.246875 0.053125 0.028125
1 0.50390625 0.20859375 0.0515625 0.028125
1 0.3109375 0.50859375 0.053125 0.0296875