1 0.571875 0.51953125 0.034375 0.0625
1 0.5296875 0.51953125 0.03125 0.053125
1 0.484375 0.52109375 0.03125 0.05625
1 0.440625 0.5203125 0.03125 0.05625
1 0.403125 0.51953125 0.0296875 0.05625
1 0.36796875 0.521875 0.0375 0.065625
1 0.3671875 0.7296875 0.0375 0.0671875
1 0.4 0.7265625 0.03125 0.05625
1 0.4390625 0.72578125 0.03125 0.0578125
1 0.4828125 0.7265625 0.03125 0.05625
1 0.17421875 0.5125 0.0390625 0.06875
2 0.1421875 0.51171875 0.03125 0.059375
2 0.0171875 0.5203125 0.034375 0.071875
2 0.01640625 0.72578125 0.0328125 0.071875
2 0.01484375 0.93671875 0.028125 0.06875
0 0.1359375 0.9296875 0.03125 0.05
0 0.1078125 0.93046875 0.0296875 0.05
0 0.08046875 0.928125 0.0296875 0.05
0 0.140625 0.7203125 0.03125 0.0546875
0 0.1109375 0.71796875 0.0296875 0.0484375
0 0.0828125 0.71796875 0.03125 0.053125
0 0.0859375 0.51484375 0.0265625 0.05
0 0.11328125 0.509375 0.028125 0.053125
1 0.17265625 0.7171875 0.040625 0.065625