1 0.70234375 0.528125 0.0375 0.065625
1 0.65234375 0.5359375 0.028125 0.053125
1 0.6015625 0.53046875 0.0296875 0.053125
1 0.55234375 0.5359375 0.0296875 0.053125
1 0.50546875 0.53671875 0.0296875 0.05625
1 0.459375 0.53671875 0.03125 0.053125
1 0.70390625 0.7265625 0.0375 0.06875
1 0.6546875 0.73515625 0.028125 0.053125
1 0.60390625 0.72734375 0.03125 0.0546875
1 0.55234375 0.73359375 0.028125 0.05625
1 0.409375 0.53125 0.03125 0.059375
1 0.3578125 0.5359375 0.03125 0.05625
1 0.31171875 0.53671875 0.03125 0.0609375
1 0.26640625 0.53828125 0.03125 0.0578125
1 0.215625 0.53203125 0.03125 0.05625
1 0.165625 0.5375 0.03125 0.053125
1 0.1203125 0.5390625 0.034375 0.0578125
1 0.0890625 0.5390625 0.0296875 0.065625