2 0.528125 0.71953125 0.06875 0.040625
2 0.72890625 0.725 0.075 0.0375
2 0.93671875 0.72734375 0.0625 0.040625
2 0.73671875 0.675 0.0671875 0.03125
2 0.5359375 0.66875 0.065625 0.034375
2 0.52890625 0.61875 0.059375 0.034375
2 0.73359375 0.62421875 0.059375 0.0375
2 0.53515625 0.56796875 0.0578125 0.03125
2 0.7359375 0.575 0.0609375 0.03125
2 0.53828125 0.5203125 0.0640625 0.03125
2 0.7390625 0.5265625 0.065625 0.034375
2 0.53671875 0.4734375 0.059375 0.0390625
2 0.73984375 0.4796875 0.06875 0.028125
2 0.53046875 0.42421875 0.06875 0.034375
2 0.73125 0.43046875 0.059375 0.034375
2 0.7390625 0.37734375 0.0546875 0.034375
2 0.53828125 0.3734375 0.05625 0.034375
2 0.534375 0.32734375 0.05625 0.0375
2 0.7390625 0.33203125 0.046875 0.034375
2 0.53828125 0.28046875 0.0640625 0.034375
2 0.53203125 0.23046875 0.0609375 0.034375
0 0.53515625 0.17890625 0.0546875 0.034375