1 0.55546875 0.16796875 0.0515625 0.0265625
1 0.55703125 0.20078125 0.053125 0.0265625
1 0.559375 0.2515625 0.0515625 0.028125
1 0.5578125 0.28125 0.05 0.028125
1 0.56015625 0.328125 0.0546875 0.028125
1 0.55546875 0.38046875 0.0546875 0.028125
1 0.5609375 0.43203125 0.053125 0.028125
1 0.56171875 0.47890625 0.0515625 0.0296875
1 0.5609375 0.525 0.053125 0.028125
1 0.55546875 0.57734375 0.05625 0.028125
1 0.56015625 0.62890625 0.0578125 0.03125
1 0.559375 0.6765625 0.053125 0.0296875
1 0.5609375 0.7140625 0.05625 0.028125
1 0.559375 0.76171875 0.0546875 0.028125
1 0.5546875 0.8 0.0546875 0.03125
1 0.75390625 0.803125 0.05625 0.0296875
1 0.75859375 0.76328125 0.059375 0.028125
1 0.7609375 0.71484375 0.053125 0.0296875
1 0.759375 0.67734375 0.059375 0.0296875
1 0.76015625 0.63046875 0.05625 0.028125
1 0.75390625 0.57890625 0.059375 0.03125
1 0.759375 0.528125 0.053125 0.0296875
1 0.7578125 0.48046875 0.0546875 0.028125
1 0.7578125 0.43203125 0.0546875 0.028125
0 0.55078125 0.13203125 0.046875 0.0265625
0 0.5515625 0.10546875 0.04375 0.0234375
0 0.55078125 0.08046875 0.046875 0.028125
2 0.55703125 0.0328125 0.065625 0.034375
0 0.7515625 0.13203125 0.0375 0.021875
0 0.75078125 0.10703125 0.04375 0.0234375
0 0.75234375 0.08125 0.0421875 0.021875
1 0.5578125 0.93828125 0.0546875 0.028125
1 0.559375 0.96875 0.053125 0.028125
1 0.76015625 0.93984375 0.0515625 0.0296875
1 0.7578125 0.96875 0.05625 0.03125