2 0.4578125 0.18125 0.053125 0.03125
2 0.46484375 0.23359375 0.0609375 0.034375
2 0.45859375 0.28515625 0.059375 0.034375
2 0.4578125 0.33359375 0.05625 0.03125
2 0.45859375 0.38125 0.059375 0.03125
2 0.46328125 0.43515625 0.059375 0.03125
2 0.46015625 0.4859375 0.053125 0.028125
2 0.459375 0.53359375 0.059375 0.03125
0 0.45703125 0.57265625 0.0578125 0.028125
2 0.4609375 0.621875 0.05625 0.028125
2 0.465625 0.66171875 0.05625 0.03125
2 0.25703125 0.665625 0.059375 0.03125
2 0.25390625 0.62734375 0.0578125 0.03125
0 0.253125 0.57890625 0.0546875 0.03125
2 0.2546875 0.53984375 0.059375 0.0296875
2 0.25234375 0.4921875 0.0515625 0.03125
2 0.2578125 0.440625 0.0546875 0.0328125
2 0.25078125 0.38671875 0.05 0.028125
2 0.25234375 0.80625 0.05625 0.0296875
2 0.25234375 0.83515625 0.05 0.028125
0 0.2515625 0.8828125 0.0546875 0.0328125
2 0.2578125 0.9359375 0.05625 0.03125
2 0.2515625 0.9859375 0.0546875 0.028125
2 0.46796875 0.9296875 0.0546875 0.03125
2 0.4625 0.83046875 0.0546875 0.0296875
2 0.4625 0.79921875 0.05625 0.028125
2 0.459375 0.98203125 0.0578125 0.03125