1 0.4765625 0.51953125 0.05625 0.028125
1 0.471875 0.46796875 0.0578125 0.03125
1 0.47734375 0.41640625 0.0515625 0.028125
1 0.478125 0.36953125 0.05625 0.028125
1 0.47734375 0.32265625 0.05625 0.03125
1 0.4703125 0.27109375 0.05625 0.03125
1 0.47734375 0.21953125 0.0578125 0.03125
1 0.67890625 0.16796875 0.05625 0.028125
1 0.678125 0.215625 0.053125 0.03125
1 0.6703125 0.26796875 0.0546875 0.0296875
1 0.678125 0.1203125 0.05625 0.0296875
1 0.675 0.31953125 0.053125 0.028125
1 0.67734375 0.36640625 0.0578125 0.028125
1 0.6796875 0.41328125 0.046875 0.0296875
1 0.6734375 0.46484375 0.053125 0.03125
1 0.47734375 0.56640625 0.053125 0.028125
1 0.4734375 0.73203125 0.0546875 0.028125
1 0.46875 0.07109375 0.05625 0.0296875
1 0.47578125 0.0203125 0.05 0.028125
1 0.475 0.12265625 0.053125 0.028125
1 0.67265625 0.06953125 0.053125 0.028125
1 0.67578125 0.0171875 0.05 0.03125
1 0.47890625 0.77109375 0.053125 0.028125
1 0.478125 0.5953125 0.0546875 0.028125