1 0.209375 0.45859375 0.034375 0.065625
1 0.26015625 0.46484375 0.0296875 0.053125
1 0.309375 0.459375 0.028125 0.053125
1 0.36015625 0.46484375 0.03125 0.05
1 0.5 0.459375 0.03125 0.05625
1 0.5515625 0.46640625 0.028125 0.053125
1 0.596875 0.4671875 0.028125 0.05625
1 0.64140625 0.4640625 0.0265625 0.0515625
1 0.6921875 0.46171875 0.03125 0.053125
1 0.74140625 0.46796875 0.03125 0.053125
1 0.403125 0.65859375 0.0265625 0.0546875
1 0.3578125 0.65859375 0.028125 0.05625
1 0.3078125 0.65546875 0.03125 0.053125
1 0.2578125 0.66015625 0.0296875 0.053125
1 0.20859375 0.6515625 0.0375 0.0625
1 0.4484375 0.65859375 0.028125 0.0546875
1 0.45078125 0.46640625 0.034375 0.053125
1 0.7875 0.46796875 0.0265625 0.0484375
1 0.81640625 0.46875 0.028125 0.05625
1 0.4984375 0.65625 0.03125 0.0578125