1 0.47265625 0.37578125 0.05625 0.03125
1 0.4765625 0.4140625 0.059375 0.03125
1 0.478125 0.459375 0.053125 0.03125
1 0.47890625 0.4984375 0.05625 0.0296875
1 0.478125 0.54375 0.059375 0.03125
1 0.47265625 0.59453125 0.053125 0.0328125
1 0.47890625 0.646875 0.0609375 0.03125
1 0.47890625 0.69296875 0.0515625 0.028125
1 0.48046875 0.73984375 0.05625 0.03125
1 0.47421875 0.7921875 0.05625 0.03125
1 0.6734375 0.05859375 0.05625 0.03125
1 0.66875 0.11171875 0.0546875 0.028125
1 0.6765625 0.16171875 0.05625 0.028125
1 0.675 0.2078125 0.053125 0.028125
1 0.67265625 0.23671875 0.059375 0.028125
1 0.875 0.0125 0.059375 0.025
1 0.6765625 0.01328125 0.05625 0.025
1 0.47578125 0.1640625 0.053125 0.028125
1 0.6734375 0.37265625 0.05 0.028125
1 0.6765625 0.4109375 0.053125 0.028125
1 0.67578125 0.45859375 0.053125 0.025
1 0.67734375 0.4953125 0.0515625 0.028125
1 0.4765625 0.06171875 0.053125 0.0265625
1 0.47421875 0.0140625 0.05625 0.028125
1 0.67734375 0.54296875 0.05625 0.03125