2 0.23359375 0.27578125 0.03125 0.059375
2 0.2828125 0.27421875 0.03125 0.05625
2 0.3375 0.28125 0.034375 0.0625
2 0.3921875 0.2765625 0.034375 0.05625
2 0.44140625 0.275 0.0296875 0.05625
2 0.49140625 0.27578125 0.0328125 0.0578125
2 0.5453125 0.2828125 0.03125 0.0625
2 0.59765625 0.278125 0.028125 0.059375
2 0.15078125 0.4890625 0.0265625 0.059375
0 0.2 0.48984375 0.03125 0.05625
2 0.240625 0.490625 0.0375 0.0640625
2 0.290625 0.4890625 0.034375 0.059375
2 0.34453125 0.496875 0.0328125 0.0609375
2 0.39765625 0.48984375 0.03125 0.0640625
2 0.446875 0.49140625 0.034375 0.059375
2 0.49765625 0.48984375 0.0296875 0.05625
2 0.5515625 0.496875 0.03125 0.059375
2 0.60546875 0.4890625 0.03125 0.0609375
2 0.6546875 0.4921875 0.03125 0.05625
2 0.6859375 0.48984375 0.028125 0.05625
2 0.73828125 0.49453125 0.0296875 0.059375
2 0.77421875 0.49609375 0.028125 0.0625
2 0.14375 0.27578125 0.028125 0.059375
0 0.19375 0.27265625 0.03125 0.059375
2 0.10390625 0.278125 0.03125 0.059375