2 0.5234375 0.29765625 0.065625 0.0375
2 0.71953125 0.29296875 0.075 0.040625
2 0.9171875 0.28984375 0.0625 0.0375
2 0.72421875 0.34296875 0.05625 0.03125
2 0.53125 0.3484375 0.0625 0.03125
2 0.52265625 0.396875 0.0625 0.03125
2 0.71953125 0.38984375 0.065625 0.034375
2 0.725 0.44140625 0.05625 0.03125
2 0.53046875 0.44375 0.065625 0.0375
2 0.5296875 0.490625 0.0578125 0.0359375
2 0.7265625 0.4859375 0.059375 0.0328125
2 0.528125 0.53359375 0.0609375 0.03125
2 0.72421875 0.5296875 0.0609375 0.028125
2 0.5234375 0.58359375 0.0625 0.034375
2 0.71640625 0.57734375 0.065625 0.0390625
2 0.52890625 0.63515625 0.0640625 0.034375
2 0.52890625 0.67890625 0.059375 0.0296875
2 0.7203125 0.628125 0.0625 0.03125
2 0.53203125 0.72265625 0.059375 0.03125
2 0.52421875 0.77265625 0.0625 0.034375
0 0.53125 0.821875 0.0625 0.0296875
2 0.52890625 0.865625 0.059375 0.0296875
2 0.52890625 0.89453125 0.0640625 0.0296875