1 0.5390625 0.396875 0.05625 0.03125
1 0.54296875 0.36015625 0.059375 0.03125
1 0.54375 0.31328125 0.05625 0.03125
1 0.54296875 0.27734375 0.059375 0.034375
1 0.54609375 0.23125 0.05625 0.03125
1 0.54375 0.52890625 0.05 0.03125
1 0.5421875 0.55859375 0.0546875 0.028125
1 0.54375 0.60234375 0.053125 0.03125
1 0.5390625 0.65234375 0.05625 0.03125
1 0.54140625 0.70390625 0.053125 0.03125
1 0.54140625 0.74921875 0.05625 0.03125
1 0.54140625 0.79375 0.05625 0.03125
1 0.5359375 0.84453125 0.059375 0.03125
1 0.54140625 0.89453125 0.053125 0.0296875
1 0.73984375 0.9421875 0.05625 0.03125
1 0.73984375 0.9859375 0.0546875 0.028125
1 0.7390625 0.89609375 0.05625 0.03125
1 0.734375 0.84609375 0.05625 0.0296875
1 0.73984375 0.79765625 0.05625 0.034375
1 0.7390625 0.75 0.059375 0.03125
1 0.7390625 0.7046875 0.0546875 0.03125
1 0.734375 0.65546875 0.053125 0.03125
1 0.73984375 0.60625 0.0546875 0.03125
1 0.73984375 0.56015625 0.0546875 0.028125
1 0.73984375 0.53046875 0.0546875 0.0296875
1 0.73515625 0.40078125 0.053125 0.0296875
1 0.53984375 0.18125 0.05625 0.0296875
1 0.546875 0.13203125 0.059375 0.0296875
1 0.54296875 0.94140625 0.065625 0.0328125