2 0.509375 0.38125 0.0484375 0.028125
2 0.5125 0.41875 0.05 0.028125
0 0.5140625 0.4625 0.05 0.0296875
2 0.5125 0.49921875 0.053125 0.0296875
2 0.515625 0.54296875 0.053125 0.028125
2 0.50703125 0.59375 0.053125 0.0265625
2 0.5140625 0.6421875 0.046875 0.028125
2 0.51328125 0.6875 0.053125 0.028125
2 0.515625 0.7328125 0.053125 0.028125
2 0.709375 0.4125 0.05 0.025
2 0.70390625 0.37421875 0.0515625 0.03125
0 0.70859375 0.4578125 0.05 0.028125
2 0.71015625 0.49296875 0.05 0.028125
2 0.71015625 0.53828125 0.053125 0.028125
2 0.70546875 0.58828125 0.0515625 0.028125
2 0.709375 0.63671875 0.05 0.028125
2 0.91171875 0.24140625 0.046875 0.028125
2 0.909375 0.2140625 0.0484375 0.0265625
2 0.709375 0.24453125 0.05 0.028125
2 0.709375 0.2171875 0.05 0.025
0 0.7109375 0.17265625 0.0484375 0.028125
0 0.91171875 0.17109375 0.053125 0.028125
2 0.90546875 0.1203125 0.053125 0.028125
2 0.91171875 0.07109375 0.0546875 0.028125
2 0.9109375 0.025 0.053125 0.028125
2 0.7078125 0.02734375 0.053125 0.028125
2 0.7078125 0.07421875 0.053125 0.028125
2 0.703125 0.1234375 0.053125 0.028125
0 0.51328125 0.178125 0.053125 0.028125
2 0.51484375 0.22265625 0.0515625 0.0265625
2 0.51328125 0.2515625 0.05 0.028125
2 0.5078125 0.128125 0.053125 0.0265625
2 0.5140625 0.0796875 0.05625 0.025
2 0.5109375 0.78046875 0.059375 0.03125
2 0.5140625 0.83203125 0.0546875 0.0328125
2 0.5125 0.8765625 0.059375 0.03125
2 0.5125 0.90625 0.059375 0.0296875
2 0.70625 0.68203125 0.0546875 0.03125