1 0.6015625 0.4703125 0.03125 0.05625
1 0.6390625 0.46640625 0.03125 0.059375
1 0.68515625 0.465625 0.03125 0.05625
1 0.721875 0.46640625 0.034375 0.059375
1 0.76796875 0.4640625 0.03125 0.05625
1 0.4703125 0.465625 0.03125 0.05
1 0.440625 0.4671875 0.028125 0.0546875
1 0.396875 0.46640625 0.03125 0.053125
1 0.34609375 0.47109375 0.03125 0.05625
1 0.29453125 0.46796875 0.03125 0.053125
1 0.25 0.46796875 0.03125 0.05625
1 0.2046875 0.46796875 0.03125 0.05625
1 0.15390625 0.4734375 0.03125 0.059375
1 0.10390625 0.46796875 0.0296875 0.053125
1 0.05703125 0.26953125 0.03125 0.05625
1 0.01328125 0.26953125 0.0265625 0.0546875
1 0.10234375 0.27109375 0.03125 0.05625
1 0.153125 0.27578125 0.0296875 0.05625
1 0.2015625 0.26953125 0.034375 0.05625
1 0.24921875 0.2703125 0.03125 0.059375
1 0.29453125 0.27109375 0.03125 0.0546875
1 0.34375 0.275 0.03125 0.053125
1 0.39296875 0.2703125 0.03125 0.0546875
1 0.43828125 0.2703125 0.028125 0.0546875
1 0.46875 0.2703125 0.0296875 0.0546875
1 0.5984375 0.27421875 0.0296875 0.053125
1 0.81796875 0.4703125 0.0296875 0.05625
1 0.8671875 0.46328125 0.0296875 0.059375
1 0.0578125 0.46640625 0.0328125 0.065625