1 0.55 0.44375 0.05625 0.03125
1 0.54453125 0.4953125 0.0578125 0.03125
1 0.5453125 0.54453125 0.05625 0.0296875
1 0.54609375 0.5828125 0.053125 0.028125
1 0.546875 0.63125 0.053125 0.028125
1 0.54375 0.390625 0.053125 0.03125
1 0.5453125 0.3421875 0.053125 0.028125
1 0.54453125 0.29296875 0.05 0.028125
1 0.340625 0.6328125 0.05625 0.025
1 0.34375 0.67421875 0.0546875 0.028125
1 0.54921875 0.240625 0.053125 0.03125
1 0.33984375 0.990625 0.0546875 0.01875
1 0.34609375 0.94453125 0.053125 0.03125
1 0.3390625 0.89140625 0.053125 0.0296875
1 0.3390625 0.84296875 0.053125 0.028125
1 0.54609375 0.88828125 0.053125 0.028125
1 0.54609375 0.98984375 0.0515625 0.0203125
1 0.55234375 0.94140625 0.0625 0.03125
1 0.54609375 0.84296875 0.053125 0.028125
1 0.54609375 0.8109375 0.053125 0.028125
1 0.33828125 0.8140625 0.0546875 0.028125
1 0.54921875 0.66953125 0.059375 0.03125
1 0.5421875 0.1875 0.0609375 0.0390625
1 0.3390625 0.546875 0.059375 0.028125
1 0.34140625 0.58359375 0.05625 0.028125