1 0.5328125 0.21640625 0.05 0.0328125
1 0.52890625 0.25234375 0.05 0.03125
1 0.5296875 0.3046875 0.0546875 0.03125
1 0.5296875 0.33359375 0.05625 0.03125
1 0.52578125 0.38125 0.053125 0.0296875
1 0.53203125 0.434375 0.05625 0.028125
1 0.52578125 0.4875 0.0546875 0.03125
1 0.52734375 0.53671875 0.053125 0.03125
1 0.52734375 0.584375 0.053125 0.028125
1 0.5328125 0.6375 0.05625 0.028125
1 0.525 0.68984375 0.0546875 0.03125
1 0.52890625 0.73828125 0.053125 0.028125
1 0.32109375 0.73984375 0.0546875 0.03125
1 0.32265625 0.7796875 0.053125 0.028125
1 0.32109375 0.69140625 0.05 0.03125
1 0.325 0.63984375 0.05 0.03125
1 0.3234375 0.5859375 0.05625 0.03125
1 0.3203125 0.5375 0.05625 0.03125
1 0.32109375 0.48984375 0.053125 0.0265625
1 0.5296875 0.778125 0.053125 0.028125
1 0.528125 0.8265625 0.053125 0.028125
1 0.5328125 0.865625 0.059375 0.0328125
1 0.32109375 0.82734375 0.0546875 0.0296875
1 0.3265625 0.8671875 0.05625 0.0296875
1 0.32109375 0.996875 0.0546875 0.00625
0 0.5359375 0.1796875 0.046875 0.025
0 0.53671875 0.15390625 0.046875 0.025
0 0.53671875 0.128125 0.046875 0.025
2 0.5328125 0.0796875 0.065625 0.0375
1 0.528125 0.9953125 0.053125 0.009375
0 0.33046875 0.1828125 0.04375 0.028125
0 0.33046875 0.15625 0.046875 0.025
0 0.33125 0.13125 0.04375 0.025
2 0.32734375 0.08359375 0.065625 0.0375