2 0.5328125 0.27734375 0.053125 0.03125
2 0.5296875 0.2265625 0.05625 0.03125
2 0.528125 0.19296875 0.0546875 0.028125
2 0.53203125 0.30703125 0.053125 0.028125
2 0.53671875 0.3546875 0.053125 0.0296875
2 0.5296875 0.40625 0.05625 0.03125
2 0.534375 0.4578125 0.053125 0.028125
2 0.53671875 0.5046875 0.05625 0.0296875
2 0.53671875 0.55234375 0.0546875 0.028125
2 0.53046875 0.60390625 0.0609375 0.028125
2 0.534375 0.6546875 0.05625 0.03125
2 0.534375 0.7015625 0.059375 0.028125
2 0.73984375 0.70859375 0.053125 0.03125
2 0.73984375 0.6609375 0.0546875 0.03125
2 0.734375 0.609375 0.053125 0.03125
2 0.73984375 0.5578125 0.053125 0.0296875
2 0.740625 0.5109375 0.05625 0.028125
2 0.740625 0.4625 0.053125 0.028125
2 0.734375 0.41171875 0.05625 0.03125
0 0.740625 0.74765625 0.053125 0.028125
2 0.7390625 0.79375 0.053125 0.03125
2 0.73359375 0.8328125 0.059375 0.0296875
2 0.740625 0.9703125 0.0578125 0.028125
2 0.95390625 0.9734375 0.0578125 0.028125
2 0.74375 0.99296875 0.053125 0.0140625
2 0.95546875 0.99296875 0.0515625 0.0140625
2 0.9484375 0.8359375 0.0546875 0.03125
2 0.95234375 0.796875 0.05 0.0296875
0 0.95234375 0.74921875 0.05 0.028125
2 0.95234375 0.7109375 0.046875 0.028125
2 0.953125 0.6625 0.0484375 0.025
0 0.53515625 0.740625 0.053125 0.028125
2 0.53515625 0.7875 0.05625 0.028125
2 0.528125 0.8265625 0.053125 0.0296875
2 0.53046875 0.05859375 0.075 0.04375
0 0.52734375 0.15703125 0.05 0.028125
0 0.5234375 0.13125 0.0484375 0.025
0 0.525 0.1046875 0.05 0.028125