2 0.07734375 0.909375 0.0375 0.06875
2 0.08125 0.71015625 0.0375 0.0640625
2 0.08515625 0.515625 0.0390625 0.0625
2 0.20546875 0.5078125 0.0328125 0.059375
1 0.12265625 0.7078125 0.034375 0.0578125
1 0.23359375 0.70390625 0.0375 0.06875
1 0.23671875 0.5078125 0.0375 0.065625
1 0.41953125 0.51796875 0.0359375 0.0671875
1 0.41953125 0.7140625 0.040625 0.0734375
1 0.4515625 0.51484375 0.03125 0.059375
1 0.45 0.70859375 0.028125 0.0578125
1 0.48671875 0.7109375 0.028125 0.0546875
1 0.48828125 0.5171875 0.0296875 0.0578125
1 0.5296875 0.515625 0.028125 0.0546875
0 0.203125 0.7046875 0.028125 0.046875
0 0.175 0.70390625 0.028125 0.0515625
0 0.14921875 0.70625 0.025 0.05
0 0.03984375 0.7046875 0.028125 0.053125
0 0.01328125 0.70390625 0.0265625 0.053125
0 0.2 0.9046875 0.0296875 0.053125
0 0.171875 0.903125 0.028125 0.0515625
0 0.14453125 0.9015625 0.028125 0.053125
0 0.034375 0.90546875 0.028125 0.05
0 0.17734375 0.509375 0.0234375 0.0484375
0 0.15078125 0.5078125 0.025 0.053125
0 0.04140625 0.50859375 0.021875 0.04375
0 0.015625 0.509375 0.025 0.046875
1 0.571875 0.5140625 0.028125 0.053125
1 0.6140625 0.51171875 0.028125 0.05
1 0.52890625 0.71171875 0.03125 0.0578125
1 0.22734375 0.9015625 0.03125 0.059375
1 0.5703125 0.7125 0.028125 0.0546875
1 0.6140625 0.70703125 0.028125 0.05