2 0.896875 0.090625 0.06875 0.0375
2 0.696875 0.0953125 0.0640625 0.0375
2 0.50078125 0.0984375 0.0625 0.040625
2 0.49296875 0.21953125 0.059375 0.0328125
1 0.69375 0.1359375 0.059375 0.034375
1 0.68984375 0.2484375 0.06875 0.0375
1 0.49296875 0.25078125 0.065625 0.0375
1 0.503125 0.43515625 0.06875 0.0359375
1 0.70078125 0.43515625 0.0734375 0.040625
1 0.5 0.4671875 0.0609375 0.03125
1 0.69453125 0.465625 0.0578125 0.028125
1 0.69765625 0.50234375 0.0546875 0.028125
1 0.50234375 0.50390625 0.059375 0.03125
1 0.50078125 0.54609375 0.0546875 0.028125
0 0.69140625 0.2171875 0.046875 0.028125
0 0.690625 0.1890625 0.0515625 0.028125
0 0.69296875 0.16328125 0.05 0.025
0 0.69140625 0.053125 0.0546875 0.028125
0 0.68984375 0.0265625 0.053125 0.0265625
0 0.8921875 0.2140625 0.053125 0.0296875
0 0.890625 0.1859375 0.053125 0.028125
0 0.8890625 0.15859375 0.053125 0.028125
0 0.89296875 0.04765625 0.05 0.028125
0 0.49453125 0.19140625 0.0484375 0.0234375
0 0.49296875 0.16484375 0.053125 0.025
0 0.49375 0.0546875 0.04375 0.021875
0 0.49453125 0.02890625 0.046875 0.0265625
1 0.5 0.58828125 0.053125 0.028125
1 0.496875 0.63046875 0.05 0.028125
1 0.69765625 0.54453125 0.059375 0.03125
1 0.8890625 0.2421875 0.0609375 0.03125
1 0.6984375 0.58671875 0.0546875 0.028125
1 0.69296875 0.63046875 0.05 0.028125