1 0.5578125 0.63203125 0.059375 0.03125
1 0.553125 0.5921875 0.0625 0.03125
1 0.5515625 0.5453125 0.05625 0.03125
1 0.55078125 0.50546875 0.05625 0.03125
1 0.5515625 0.45859375 0.0609375 0.03125
1 0.5578125 0.40625 0.05625 0.034375
1 0.55078125 0.35234375 0.0625 0.03125
1 0.55078125 0.30546875 0.053125 0.0296875
1 0.55 0.25703125 0.0578125 0.03125
1 0.55546875 0.203125 0.0578125 0.03125
1 0.35078125 0.9578125 0.0578125 0.03125
1 0.35546875 0.903125 0.05625 0.028125
1 0.34765625 0.8515625 0.059375 0.0296875
1 0.34921875 0.80390625 0.05625 0.0296875
1 0.3515625 0.77421875 0.059375 0.0296875
1 0.14375 0.99609375 0.059375 0.0078125
1 0.34765625 0.9953125 0.059375 0.009375
1 0.55390625 0.84921875 0.0546875 0.0296875
1 0.35078125 0.634375 0.053125 0.0296875
1 0.34765625 0.59609375 0.05625 0.028125
1 0.3484375 0.54609375 0.053125 0.0265625
1 0.346875 0.50859375 0.053125 0.0296875
1 0.553125 0.9546875 0.05625 0.028125
1 0.55546875 0.99453125 0.0578125 0.0109375
1 0.346875 0.459375 0.059375 0.03125