1 0.21953125 0.52890625 0.034375 0.0640625
1 0.26875 0.52265625 0.028125 0.0515625
1 0.3171875 0.52734375 0.028125 0.0515625
1 0.3671875 0.52265625 0.0296875 0.0484375
1 0.5046875 0.528125 0.0296875 0.0546875
1 0.5546875 0.52109375 0.028125 0.053125
1 0.59921875 0.5203125 0.028125 0.053125
1 0.6421875 0.5234375 0.025 0.05
1 0.6921875 0.52578125 0.0296875 0.053125
1 0.740625 0.51953125 0.0296875 0.053125
1 0.409375 0.33203125 0.025 0.053125
1 0.36484375 0.3328125 0.0265625 0.053125
1 0.315625 0.33515625 0.03125 0.053125
1 0.2671875 0.33125 0.028125 0.0515625
1 0.21875 0.33984375 0.0375 0.0609375
1 0.45390625 0.33203125 0.028125 0.053125
1 0.45625 0.52109375 0.0328125 0.053125
1 0.7859375 0.51875 0.025 0.046875
1 0.8140625 0.51875 0.0265625 0.0546875
1 0.503125 0.33515625 0.03125 0.05625