1 0.55 0.4421875 0.0765625 0.040625
1 0.55703125 0.49453125 0.0546875 0.0296875
1 0.5515625 0.5453125 0.0578125 0.028125
1 0.5578125 0.59609375 0.053125 0.0296875
1 0.746875 0.44140625 0.065625 0.0375
1 0.55703125 0.64296875 0.05625 0.028125
1 0.55703125 0.690625 0.05625 0.0296875
1 0.5515625 0.74140625 0.0546875 0.028125
1 0.559375 0.79296875 0.053125 0.0296875
1 0.559375 0.83984375 0.05625 0.0296875
1 0.74921875 0.0640625 0.065625 0.0375
1 0.740625 0.0328125 0.05625 0.03125
1 0.95078125 0.06015625 0.065625 0.0375
1 0.55 0.06640625 0.0625 0.0390625
1 0.54453125 0.03203125 0.053125 0.028125
1 0.94296875 0.02890625 0.053125 0.0296875
1 0.5578125 0.88671875 0.05625 0.034375