1 0.51953125 0.7671875 0.053125 0.0296875
1 0.52578125 0.71640625 0.0546875 0.028125
1 0.525 0.671875 0.0546875 0.028125
1 0.52421875 0.625 0.0546875 0.028125
1 0.51953125 0.57578125 0.053125 0.028125
1 0.5265625 0.81640625 0.053125 0.028125
1 0.525 0.52578125 0.05625 0.028125
1 0.525 0.4796875 0.053125 0.028125
1 0.5234375 0.44296875 0.053125 0.028125
1 0.71875 0.6203125 0.0546875 0.028125
1 0.7125 0.57109375 0.0515625 0.028125
1 0.7171875 0.52109375 0.05625 0.028125
1 0.71796875 0.6671875 0.0515625 0.025
1 0.71796875 0.475 0.05 0.028125
1 0.71875 0.43828125 0.0515625 0.028125
1 0.71953125 0.7125 0.053125 0.028125
1 0.715625 0.7625 0.053125 0.0265625
1 0.7203125 0.81171875 0.059375 0.03125
1 0.71796875 0.39375 0.05625 0.028125
1 0.71328125 0.3546875 0.053125 0.028125
1 0.51953125 0.359375 0.053125 0.028125
1 0.52421875 0.39609375 0.05625 0.028125
1 0.7171875 0.22265625 0.053125 0.028125
1 0.71640625 0.19453125 0.053125 0.028125
1 0.7171875 0.1484375 0.053125 0.028125
1 0.71171875 0.0984375 0.0546875 0.028125
1 0.71796875 0.0484375 0.0578125 0.028125
1 0.71875 0.00859375 0.0546875 0.0171875
1 0.525 0.22578125 0.05 0.028125
1 0.91484375 0.00703125 0.059375 0.0140625
1 0.91328125 0.0453125 0.05625 0.0296875
1 0.91015625 0.0953125 0.059375 0.0296875
1 0.9140625 0.146875 0.0625 0.034375
1 0.91484375 0.21953125 0.053125 0.028125
1 0.91328125 0.19140625 0.0578125 0.03125
1 0.51953125 0.10390625 0.071875 0.03125
1 0.5203125 0.1515625 0.05625 0.0359375
1 0.91171875 0.35078125 0.0625 0.034375