1 0.55078125 0.52578125 0.05625 0.028125
1 0.55625 0.4734375 0.0578125 0.03125
1 0.55 0.421875 0.053125 0.028125
1 0.54921875 0.375 0.05625 0.028125
1 0.55 0.32734375 0.05625 0.03125
1 0.55703125 0.27578125 0.0578125 0.03125
1 0.55078125 0.22421875 0.0578125 0.03125
1 0.34765625 0.17265625 0.05625 0.0296875
1 0.3484375 0.2203125 0.053125 0.03125
1 0.35625 0.27265625 0.05625 0.0296875
1 0.3484375 0.12421875 0.05625 0.0296875
1 0.3515625 0.325 0.053125 0.028125
1 0.34921875 0.37109375 0.059375 0.028125
1 0.34609375 0.41875 0.0484375 0.0296875
1 0.353125 0.4703125 0.053125 0.03125
1 0.55 0.57265625 0.0546875 0.028125
1 0.55390625 0.7390625 0.0546875 0.028125
1 0.55859375 0.075 0.05625 0.03125
1 0.5515625 0.0234375 0.05 0.028125
1 0.55234375 0.1265625 0.053125 0.028125
1 0.35390625 0.07265625 0.053125 0.028125
1 0.35078125 0.0203125 0.05 0.03125
1 0.5484375 0.778125 0.053125 0.0296875
1 0.54921875 0.6015625 0.0546875 0.028125