1 0.0140625 0.4890625 0.028125 0.053125
1 0.04765625 0.4875 0.028125 0.05625
1 0.09609375 0.48671875 0.028125 0.05625
1 0.125 0.48671875 0.028125 0.053125
1 0.17109375 0.48359375 0.0265625 0.05625
1 0.221875 0.49140625 0.0296875 0.053125
1 0.27109375 0.48515625 0.03125 0.053125
1 0.3171875 0.4859375 0.028125 0.053125
1 0.3640625 0.484375 0.0265625 0.053125
1 0.41328125 0.490625 0.028125 0.05625
1 0.4640625 0.4859375 0.03125 0.0546875
1 0.01953125 0.2953125 0.03125 0.05625
1 0.05078125 0.29453125 0.025 0.0546875
1 0.1015625 0.2921875 0.0265625 0.05
1 0.13046875 0.2953125 0.0265625 0.0546875
1 0.17421875 0.28828125 0.028125 0.053125
1 0.22578125 0.29453125 0.028125 0.05625
1 0.27578125 0.28984375 0.028125 0.05625
1 0.32265625 0.28828125 0.028125 0.05625
1 0.36796875 0.29140625 0.028125 0.059375
1 0.41875 0.2953125 0.028125 0.05625
1 0.46796875 0.28984375 0.028125 0.053125
1 0.51484375 0.290625 0.028125 0.0546875
1 0.5515625 0.290625 0.028125 0.05625
1 0.59765625 0.290625 0.028125 0.05625
1 0.6359375 0.29609375 0.028125 0.05625
1 0.63046875 0.4890625 0.0265625 0.053125
1 0.59375 0.48671875 0.028125 0.053125
1 0.54609375 0.48515625 0.025 0.053125
1 0.509375 0.4859375 0.0265625 0.05625
1 0.76796875 0.2921875 0.028125 0.0546875
1 0.796875 0.2921875 0.028125 0.05
1 0.8421875 0.28984375 0.028125 0.053125
1 0.89296875 0.29921875 0.03125 0.05625
1 0.9421875 0.29140625 0.0296875 0.059375
1 0.98671875 0.29453125 0.0265625 0.0546875
1 0.7625 0.48828125 0.03125 0.05625
1 0.7921875 0.48828125 0.0296875 0.0546875
1 0.88828125 0.49140625 0.0296875 0.059375
1 0.896875 0.09921875 0.03125 0.059375
1 0.94765625 0.0921875 0.0296875 0.05625
1 0.98828125 0.09296875 0.0234375 0.05625
1 0.7703125 0.09453125 0.025 0.0546875
1 0.8 0.09140625 0.03125 0.0625
1 0.6375 0.09453125 0.0328125 0.071875
1 0.5171875 0.0890625 0.034375 0.071875
1 0.6 0.08984375 0.0328125 0.0625
1 0.55390625 0.08828125 0.0296875 0.0625
1 0.471875 0.08984375 0.034375 0.0609375
1 0.41640625 0.0890625 0.034375 0.065625