1 0.58984375 0.46953125 0.040625 0.065625
1 0.5375 0.478125 0.028125 0.05
1 0.4859375 0.475 0.03125 0.05625
1 0.43359375 0.4796875 0.03125 0.05625
1 0.59140625 0.67265625 0.0390625 0.0625
1 0.3375 0.4796875 0.0375 0.0546875
1 0.2875 0.47578125 0.034375 0.053125
1 0.234375 0.4796875 0.034375 0.0546875
1 0.18828125 0.48046875 0.03125 0.059375
1 0.53984375 0.68359375 0.028125 0.0578125
1 0.48984375 0.675 0.0328125 0.0515625
1 0.9703125 0.47265625 0.0390625 0.071875
1 0.97265625 0.6765625 0.0375 0.06875
1 0.9953125 0.66875 0.009375 0.0515625
1 0.99296875 0.465625 0.0140625 0.053125
1 0.9765625 0.8765625 0.04375 0.078125