1 0.540625 0.64296875 0.05625 0.028125
1 0.5375 0.61328125 0.059375 0.0296875
1 0.5390625 0.565625 0.05625 0.03125
1 0.534375 0.51171875 0.0609375 0.03125
1 0.540625 0.459375 0.0578125 0.028125
1 0.53828125 0.41171875 0.059375 0.0296875
1 0.74609375 0.56015625 0.059375 0.0296875
1 0.7453125 0.609375 0.05625 0.028125
1 0.74609375 0.6390625 0.0578125 0.03125
1 0.73984375 0.7796875 0.0546875 0.028125
1 0.746875 0.81875 0.05625 0.0296875
1 0.534375 0.78359375 0.053125 0.03125
1 0.540625 0.82421875 0.05625 0.03125
1 0.540625 0.8734375 0.05625 0.028125
1 0.540625 0.9125 0.05625 0.03125
1 0.54140625 0.9625 0.05625 0.0328125
1 0.74140625 0.5078125 0.05625 0.0296875
1 0.746875 0.45390625 0.059375 0.0296875
1 0.7453125 0.40625 0.059375 0.03125
1 0.74609375 0.35703125 0.059375 0.03125
1 0.7390625 0.3046875 0.059375 0.0296875
1 0.74453125 0.2515625 0.059375 0.03125
1 0.7453125 0.2015625 0.05625 0.03125
1 0.95390625 0.15234375 0.05625 0.034375
1 0.53828125 0.36171875 0.0546875 0.03125
1 0.534375 0.31015625 0.05625 0.028125
1 0.54140625 0.25703125 0.0546875 0.028125
1 0.53671875 0.20703125 0.05625 0.028125
1 0.7453125 0.15390625 0.059375 0.034375
1 0.7390625 0.1 0.0625 0.0328125
1 0.74453125 0.04921875 0.0625 0.034375
1 0.9546875 0.4046875 0.065625 0.034375
1 0.95390625 0.04453125 0.0671875 0.03125
1 0.94765625 0.5046875 0.0609375 0.03125