1 0.5421875 0.15859375 0.0515625 0.034375
1 0.5390625 0.1953125 0.05 0.03125
1 0.5390625 0.24765625 0.05625 0.03125
1 0.5390625 0.27734375 0.05625 0.03125
1 0.53515625 0.32578125 0.053125 0.0296875
1 0.54140625 0.37890625 0.0578125 0.028125
1 0.5359375 0.43359375 0.05625 0.03125
1 0.53671875 0.4828125 0.0546875 0.03125
1 0.53671875 0.53125 0.053125 0.028125
1 0.5421875 0.58515625 0.0578125 0.028125
1 0.534375 0.6375 0.05625 0.03125
1 0.53828125 0.68671875 0.0546875 0.0296875
1 0.328125 0.6890625 0.05625 0.03125
1 0.3296875 0.72890625 0.0546875 0.028125
1 0.328125 0.63984375 0.0515625 0.03125
1 0.33203125 0.58671875 0.05 0.03125
1 0.33046875 0.5328125 0.05625 0.03125
1 0.32734375 0.484375 0.0578125 0.03125
1 0.328125 0.43515625 0.053125 0.028125
1 0.5390625 0.72734375 0.053125 0.028125
1 0.5375 0.7765625 0.053125 0.028125
1 0.5421875 0.815625 0.059375 0.034375
1 0.328125 0.7765625 0.05625 0.0296875
1 0.33359375 0.81796875 0.05625 0.0296875
1 0.328125 0.96015625 0.05625 0.028125
1 0.328125 0.98828125 0.053125 0.0234375
0 0.5453125 0.12109375 0.046875 0.025
0 0.546875 0.09609375 0.046875 0.025
0 0.54609375 0.06953125 0.046875 0.0265625
2 0.5421875 0.0203125 0.065625 0.0375
1 0.5390625 0.9578125 0.053125 0.028125
1 0.53828125 0.9875 0.0546875 0.025
0 0.3375 0.125 0.0453125 0.028125
0 0.33828125 0.09765625 0.046875 0.025
0 0.33828125 0.07265625 0.04375 0.0265625
2 0.334375 0.02421875 0.0671875 0.0375