1 0.203125 0.47265625 0.025 0.05
1 0.234375 0.4703125 0.025 0.0515625
1 0.28359375 0.46875 0.0265625 0.05
1 0.31171875 0.46953125 0.028125 0.05
1 0.35703125 0.46796875 0.028125 0.053125
1 0.40703125 0.471875 0.028125 0.053125
1 0.45703125 0.4671875 0.028125 0.0515625
1 0.50234375 0.46640625 0.028125 0.05
1 0.546875 0.46640625 0.028125 0.05
1 0.596875 0.471875 0.0265625 0.0546875
1 0.646875 0.46796875 0.03125 0.05625
1 0.69296875 0.46875 0.028125 0.05
1 0.728125 0.4671875 0.0265625 0.053125
1 0.77421875 0.46875 0.028125 0.053125
1 0.81171875 0.47265625 0.03125 0.053125
1 0.8140625 0.28125 0.0296875 0.0546875
1 0.77578125 0.2765625 0.028125 0.05625
1 0.72890625 0.27421875 0.028125 0.0515625
1 0.69296875 0.27578125 0.028125 0.05625
1 0.64765625 0.275 0.028125 0.053125
1 0.5984375 0.28125 0.0296875 0.05625
1 0.55 0.27578125 0.028125 0.0515625
1 0.50390625 0.27734375 0.028125 0.053125
1 0.45703125 0.27734375 0.028125 0.053125
0 0.16796875 0.4765625 0.025 0.0453125
0 0.1421875 0.47578125 0.021875 0.04375
0 0.11796875 0.4765625 0.0265625 0.04375
2 0.07265625 0.4703125 0.0328125 0.0625
0 0.16796875 0.2828125 0.0203125 0.0359375
0 0.14453125 0.284375 0.021875 0.040625
0 0.11875 0.2828125 0.021875 0.040625
1 0.94453125 0.46953125 0.028125 0.053125
1 0.9734375 0.46875 0.0265625 0.05
1 0.94609375 0.275 0.028125 0.05
1 0.9734375 0.27734375 0.03125 0.053125