1 0.53828125 0.42109375 0.065625 0.0359375
1 0.54609375 0.46875 0.053125 0.028125
1 0.5421875 0.51796875 0.05625 0.03125
1 0.54453125 0.56640625 0.05625 0.03125
1 0.546875 0.61171875 0.05625 0.028125
1 0.54765625 0.65546875 0.05625 0.0359375
1 0.728125 0.41875 0.065625 0.040625
1 0.54296875 0.7046875 0.05625 0.028125
1 0.5484375 0.753125 0.053125 0.03125
1 0.5453125 0.7984375 0.0546875 0.03125
1 0.72890625 0.06015625 0.0625 0.0359375
1 0.7234375 0.03046875 0.05625 0.03125
1 0.921875 0.05546875 0.0625 0.0375
1 0.54140625 0.06171875 0.06875 0.034375
1 0.53203125 0.02890625 0.0515625 0.0296875
1 0.9140625 0.02578125 0.053125 0.0265625