1 0.47734375 0.40234375 0.05625 0.03125
1 0.47265625 0.3640625 0.053125 0.0296875
1 0.471875 0.315625 0.0578125 0.03125
1 0.47265625 0.2765625 0.0546875 0.03125
1 0.4734375 0.53984375 0.0546875 0.028125
1 0.4734375 0.5703125 0.0546875 0.028125
1 0.47265625 0.6171875 0.059375 0.03125
1 0.478125 0.66953125 0.0578125 0.03125
1 0.26796875 0.54296875 0.053125 0.028125
1 0.26640625 0.57265625 0.05625 0.0296875
1 0.26796875 0.61875 0.053125 0.03125
1 0.27265625 0.67109375 0.059375 0.03125
1 0.26796875 0.72421875 0.053125 0.0296875
1 0.26796875 0.771875 0.059375 0.03125
1 0.2671875 0.8203125 0.05625 0.0296875
1 0.2734375 0.871875 0.05625 0.03125
1 0.26796875 0.925 0.05625 0.03125
1 0.2671875 0.971875 0.05625 0.03125
1 0.475 0.8171875 0.053125 0.03125
1 0.4796875 0.86953125 0.05625 0.028125
1 0.475 0.76953125 0.05625 0.0296875
1 0.47265625 0.721875 0.0546875 0.028125
1 0.475 0.96953125 0.05625 0.03125
1 0.46953125 0.22890625 0.05625 0.03125
1 0.47734375 0.17734375 0.05625 0.03125
1 0.4703125 0.125 0.0578125 0.0296875
1 0.2734375 0.4046875 0.0609375 0.0296875
1 0.4734375 0.92265625 0.0625 0.0328125