1 0.79140625 0.45625 0.028125 0.0515625
1 0.75859375 0.45390625 0.028125 0.05625
1 0.70859375 0.4515625 0.03125 0.0515625
1 0.67890625 0.45234375 0.028125 0.053125
1 0.63203125 0.45078125 0.0296875 0.05
1 0.58203125 0.45546875 0.03125 0.059375
1 0.53046875 0.44921875 0.03125 0.053125
1 0.484375 0.44921875 0.03125 0.05625
2 0.92421875 0.4546875 0.0375 0.065625
0 0.8796875 0.45859375 0.028125 0.05
0 0.85234375 0.46015625 0.025 0.05
0 0.82578125 0.4609375 0.0265625 0.0515625
1 0.43671875 0.44921875 0.0296875 0.053125
1 0.3859375 0.45546875 0.028125 0.05625
1 0.33515625 0.44921875 0.0296875 0.0515625
1 0.28828125 0.45078125 0.03125 0.0578125
1 0.25078125 0.44921875 0.028125 0.0578125
1 0.2484375 0.25078125 0.03125 0.059375
1 0.28671875 0.24921875 0.03125 0.05625
1 0.3328125 0.2484375 0.03125 0.05625
1 0.384375 0.25390625 0.03125 0.05625
1 0.4359375 0.24765625 0.0328125 0.0578125
1 0.48125 0.2484375 0.03125 0.05625
1 0.528125 0.24921875 0.03125 0.05625
1 0.5796875 0.25390625 0.03125 0.059375
1 0.2015625 0.24921875 0.0296875 0.05625
1 0.1625 0.25390625 0.03125 0.059375
1 0.16484375 0.45625 0.0296875 0.0609375
1 0.20390625 0.45234375 0.034375 0.05625
1 0.63125 0.24765625 0.03125 0.059375
1 0.6765625 0.25 0.028125 0.059375
2 0.921875 0.2515625 0.034375 0.0625
1 0.02265625 0.05 0.03125 0.053125
1 0.02734375 0.24921875 0.028125 0.053125
1 0.00625 0.2484375 0.0125 0.0515625