1 0.52109375 0.19296875 0.05 0.028125
1 0.52578125 0.27421875 0.053125 0.028125
1 0.525 0.303125 0.053125 0.0265625
1 0.52890625 0.34765625 0.0546875 0.028125
1 0.52265625 0.3984375 0.053125 0.028125
1 0.53046875 0.446875 0.053125 0.028125
1 0.52890625 0.4921875 0.0515625 0.028125
1 0.528125 0.5375 0.053125 0.028125
1 0.52265625 0.58828125 0.0546875 0.028125
0 0.51953125 0.15859375 0.0421875 0.0234375
0 0.51953125 0.13203125 0.0421875 0.025
0 0.5203125 0.109375 0.0484375 0.025
1 0.52890625 0.63671875 0.0484375 0.028125
1 0.52890625 0.6828125 0.053125 0.028125
1 0.52734375 0.72109375 0.0515625 0.028125
1 0.5265625 0.765625 0.05625 0.028125
1 0.521875 0.803125 0.0515625 0.028125
1 0.71484375 0.8046875 0.053125 0.0265625
1 0.71953125 0.76640625 0.05625 0.0296875
1 0.71875 0.7203125 0.0515625 0.028125
1 0.71796875 0.68359375 0.05 0.0296875
1 0.7203125 0.6375 0.053125 0.0296875
1 0.71484375 0.5890625 0.05625 0.028125
1 0.7203125 0.53984375 0.0515625 0.028125
0 0.71328125 0.16015625 0.040625 0.0203125
0 0.7125 0.1359375 0.040625 0.0234375
0 0.71015625 0.1109375 0.04375 0.025
2 0.52421875 0.06484375 0.0640625 0.034375
1 0.5234375 0.225 0.05 0.028125
1 0.71875 0.9375 0.05 0.028125
1 0.71796875 0.96484375 0.053125 0.0296875
1 0.52578125 0.9359375 0.0515625 0.028125
1 0.52421875 0.96328125 0.0546875 0.03125
1 0.7203125 0.49375 0.053125 0.028125