1 0.47890625 0.778125 0.065625 0.034375
1 0.48515625 0.728125 0.053125 0.0296875
1 0.4796875 0.6796875 0.053125 0.028125
1 0.48515625 0.62890625 0.05 0.03125
1 0.4796875 0.48984375 0.05625 0.0296875
1 0.48671875 0.43984375 0.053125 0.028125
1 0.4875 0.39453125 0.0546875 0.028125
1 0.484375 0.35078125 0.05 0.0265625
1 0.48203125 0.30078125 0.053125 0.03125
1 0.48828125 0.2515625 0.053125 0.0296875
1 0.67734375 0.5859375 0.053125 0.025
1 0.6765625 0.63125 0.0546875 0.0265625
1 0.67421875 0.68125 0.053125 0.03125
1 0.678125 0.7296875 0.0515625 0.0296875
1 0.66953125 0.77890625 0.0625 0.0375
1 0.67734375 0.54140625 0.053125 0.028125
1 0.48671875 0.5390625 0.053125 0.034375
1 0.48828125 0.20546875 0.0484375 0.0265625
1 0.4890625 0.17734375 0.05625 0.0265625
1 0.67421875 0.49140625 0.05625 0.03125