2 0.5203125 0.35234375 0.065625 0.034375
2 0.5234375 0.38671875 0.05625 0.028125
2 0.521875 0.42421875 0.053125 0.028125
2 0.52265625 0.46875 0.0546875 0.028125
2 0.52109375 0.5125 0.053125 0.03125
2 0.525 0.55703125 0.053125 0.03125
2 0.31640625 0.55 0.053125 0.028125
2 0.3125 0.50546875 0.053125 0.028125
2 0.31328125 0.46171875 0.053125 0.0296875
2 0.3125 0.4171875 0.053125 0.028125
2 0.31328125 0.38125 0.053125 0.028125
2 0.31015625 0.34609375 0.065625 0.0359375
2 0.3203125 0.153125 0.065625 0.0375
2 0.53046875 0.16015625 0.065625 0.0359375
2 0.52421875 0.01015625 0.0640625 0.0203125
2 0.3125 0.00625 0.06875 0.0125
0 0.3171875 0.03671875 0.05625 0.028125
0 0.31953125 0.065625 0.053125 0.025
0 0.31953125 0.09375 0.0484375 0.025
0 0.31796875 0.1203125 0.05 0.025
0 0.52578125 0.04296875 0.053125 0.028125
0 0.52890625 0.071875 0.046875 0.0265625
0 0.5296875 0.1 0.05 0.028125
0 0.5296875 0.128125 0.05 0.028125
2 0.0953125 0.00546875 0.0671875 0.0109375
2 0.10234375 0.1515625 0.0625 0.0359375
0 0.1 0.11796875 0.046875 0.025
0 0.10234375 0.090625 0.0484375 0.025
0 0.1015625 0.06328125 0.05 0.028125
0 0.09921875 0.03359375 0.05625 0.028125
2 0.0890625 0.34453125 0.0703125 0.0375