1 0.6625 0.49140625 0.028125 0.0515625
1 0.7140625 0.496875 0.028125 0.053125
1 0.7671875 0.49140625 0.028125 0.053125
1 0.615625 0.49296875 0.0296875 0.0546875
1 0.56796875 0.490625 0.03125 0.05625
1 0.5171875 0.49921875 0.03125 0.05625
1 0.4640625 0.49296875 0.03125 0.0546875
1 0.2140625 0.5015625 0.0375 0.06875
1 0.26640625 0.4953125 0.028125 0.05625
1 0.31796875 0.4984375 0.028125 0.05625
1 0.3703125 0.4921875 0.0296875 0.05625
1 0.26484375 0.29140625 0.0296875 0.05625
1 0.21171875 0.29765625 0.0375 0.06875
1 0.315625 0.29609375 0.028125 0.0546875
1 0.36796875 0.28984375 0.03125 0.0546875
1 0.41484375 0.290625 0.03125 0.05625
1 0.46328125 0.2890625 0.0296875 0.053125
1 0.5140625 0.296875 0.028125 0.05625
1 0.8140625 0.49140625 0.028125 0.0609375
1 0.84375 0.4890625 0.0296875 0.0609375
1 0.61640625 0.28828125 0.034375 0.0609375
1 0.4140625 0.49453125 0.03125 0.0578125