2 0.20859375 0.515625 0.0359375 0.06875
0 0.2390625 0.51484375 0.025 0.046875
0 0.26484375 0.51484375 0.025 0.046875
0 0.290625 0.5140625 0.025 0.0484375
0 0.31796875 0.51015625 0.028125 0.046875
2 0.35703125 0.509375 0.0359375 0.0625
0 0.39765625 0.51171875 0.025 0.046875
2 0.425 0.51171875 0.025 0.046875
2 0.45859375 0.509375 0.025 0.0453125
2 0.50390625 0.50390625 0.034375 0.0625
0 0.5484375 0.51015625 0.025 0.046875
0 0.57265625 0.51015625 0.025 0.046875
0 0.59765625 0.51171875 0.025 0.046875
2 0.63359375 0.50703125 0.028125 0.053125
2 0.66484375 0.50546875 0.028125 0.05
2 0.71640625 0.50234375 0.025 0.0515625
2 0.7453125 0.503125 0.025 0.053125
2 0.75 0.30546875 0.025 0.0484375
2 0.72109375 0.30390625 0.028125 0.053125
2 0.67265625 0.30703125 0.025 0.053125
2 0.63828125 0.30703125 0.028125 0.05
0 0.603125 0.3125 0.025 0.04375
0 0.578125 0.3109375 0.028125 0.04375
0 0.55234375 0.31328125 0.025 0.04375
2 0.509375 0.3078125 0.0359375 0.0625
2 0.46484375 0.3109375 0.0296875 0.05
0 0.42890625 0.315625 0.0265625 0.04375
0 0.4046875 0.31640625 0.025 0.040625
2 0.3640625 0.31171875 0.0328125 0.0640625
0 0.32421875 0.31328125 0.028125 0.05
0 0.29609375 0.31484375 0.025 0.046875
2 0.67421875 0.1015625 0.025 0.0484375
2 0.72421875 0.09921875 0.0265625 0.05625
2 0.75234375 0.0984375 0.0265625 0.05
2 0.21328125 0.31640625 0.0375 0.0671875
0 0.2453125 0.31953125 0.025 0.0515625
0 0.2703125 0.31640625 0.028125 0.0515625
2 0.79609375 0.30234375 0.0296875 0.05625
2 0.8453125 0.309375 0.03125 0.053125
2 0.896875 0.30234375 0.028125 0.05
2 0.9421875 0.3046875 0.028125 0.0515625
2 0.78984375 0.5015625 0.028125 0.046875