1 0.40390625 0.50546875 0.03125 0.0609375
1 0.4453125 0.50625 0.03125 0.0515625
1 0.4890625 0.5046875 0.03125 0.0546875
1 0.53125 0.5046875 0.028125 0.05625
1 0.56796875 0.50625 0.028125 0.0546875
1 0.6015625 0.503125 0.0375 0.0640625
1 0.60234375 0.303125 0.0359375 0.065625
1 0.57109375 0.30625 0.0296875 0.053125
1 0.53359375 0.30703125 0.0296875 0.05625
1 0.490625 0.30625 0.0296875 0.05625
1 0.7890625 0.5125 0.0375 0.065625
2 0.8203125 0.51328125 0.03125 0.05625
2 0.94296875 0.50546875 0.0375 0.06875
2 0.9453125 0.30703125 0.040625 0.0703125
2 0.94921875 0.103125 0.040625 0.065625
0 0.82578125 0.109375 0.03125 0.046875
0 0.853125 0.109375 0.028125 0.05
0 0.87890625 0.11171875 0.028125 0.05
0 0.82109375 0.31171875 0.03125 0.053125
0 0.85 0.3140625 0.028125 0.046875
0 0.8765625 0.3140625 0.028125 0.05
0 0.9859375 0.3109375 0.028125 0.05
0 0.9859375 0.51171875 0.025 0.046875
0 0.87421875 0.51015625 0.025 0.0484375
0 0.84765625 0.515625 0.028125 0.053125
1 0.78984375 0.31484375 0.0375 0.0625
0 0.98828125 0.1109375 0.0234375 0.053125