1 0.5359375 0.07421875 0.053125 0.0296875
1 0.53828125 0.12265625 0.0546875 0.03125
1 0.53125 0.17421875 0.0515625 0.0296875
1 0.53828125 0.2265625 0.05625 0.03125
1 0.5375 0.27421875 0.05625 0.0296875
1 0.53671875 0.3203125 0.0578125 0.03125
1 0.53125 0.3734375 0.0546875 0.0328125
1 0.73828125 0.32109375 0.053125 0.03125
1 0.7375 0.2734375 0.05625 0.03125
1 0.73515625 0.225 0.0578125 0.0328125
1 0.73046875 0.17265625 0.053125 0.03125
1 0.73828125 0.1203125 0.0546875 0.0296875
1 0.73671875 0.07421875 0.05625 0.028125
1 0.73671875 0.034375 0.053125 0.028125
1 0.73203125 0.371875 0.05625 0.0296875
1 0.5375 0.42578125 0.0546875 0.03125
1 0.534375 0.47265625 0.053125 0.0296875
1 0.5359375 0.503125 0.05625 0.03125
1 0.53359375 0.553125 0.0515625 0.03125
1 0.53046875 0.5875 0.0515625 0.028125
1 0.73828125 0.42421875 0.0515625 0.03125
0 0.52734375 0.62421875 0.05 0.025
0 0.52578125 0.65 0.05 0.028125
0 0.5265625 0.675 0.0484375 0.025
2 0.53359375 0.721875 0.0703125 0.0375
2 0.73359375 0.72109375 0.065625 0.0390625
0 0.72734375 0.67109375 0.046875 0.0265625
0 0.72890625 0.646875 0.046875 0.025
0 0.72890625 0.621875 0.0453125 0.0234375
1 0.528125 0.76796875 0.053125 0.0296875
0 0.52421875 0.80390625 0.05 0.028125
0 0.5234375 0.83046875 0.05 0.025
1 0.53828125 0.0359375 0.0546875 0.028125
1 0.7359375 0.4703125 0.05625 0.03125
1 0.73515625 0.50078125 0.0625 0.03125
1 0.734375 0.553125 0.05625 0.028125
2 0.53046875 0.87265625 0.065625 0.0375
1 0.52734375 0.91484375 0.053125 0.03125