1 0.02421875 0.4921875 0.028125 0.05625
1 0.05859375 0.49453125 0.028125 0.0578125
1 0.109375 0.49453125 0.03125 0.059375
1 0.1390625 0.49453125 0.028125 0.053125
1 0.1875 0.49765625 0.028125 0.059375
1 0.23984375 0.490625 0.03125 0.053125
1 0.29140625 0.49609375 0.03125 0.05625
1 0.33984375 0.49609375 0.028125 0.05625
1 0.3875 0.496875 0.028125 0.05625
1 0.4390625 0.490625 0.0296875 0.0578125
1 0.49140625 0.4953125 0.03125 0.05625
1 0.0296875 0.69375 0.03125 0.059375
1 0.06171875 0.69453125 0.028125 0.05625
1 0.11484375 0.696875 0.028125 0.053125
1 0.1453125 0.69375 0.028125 0.05625
1 0.190625 0.7015625 0.03125 0.05625
1 0.24453125 0.69453125 0.0296875 0.05625
1 0.296875 0.69921875 0.028125 0.059375
1 0.34453125 0.70078125 0.0296875 0.059375
1 0.3921875 0.69765625 0.028125 0.0625
1 0.44453125 0.69375 0.0296875 0.05625
1 0.49609375 0.69921875 0.028125 0.05625
1 0.54453125 0.6984375 0.028125 0.05625
1 0.5828125 0.6984375 0.03125 0.0578125
1 0.63046875 0.6984375 0.0296875 0.0578125
1 0.6703125 0.69296875 0.028125 0.059375
1 0.66484375 0.4921875 0.028125 0.05625
1 0.6265625 0.49453125 0.028125 0.05625
1 0.57734375 0.496875 0.028125 0.0546875
1 0.5390625 0.4953125 0.028125 0.059375
1 0.8078125 0.696875 0.0296875 0.05625
1 0.83828125 0.696875 0.03125 0.053125
1 0.88515625 0.69921875 0.028125 0.05625
1 0.93828125 0.68984375 0.03125 0.0578125
1 0.98671875 0.69765625 0.0265625 0.0625
1 0.80234375 0.49296875 0.03125 0.0578125
1 0.83359375 0.49296875 0.03125 0.05625
1 0.9328125 0.48984375 0.03125 0.0625
1 0.94140625 0.89765625 0.03125 0.0625
1 0.98984375 0.9046875 0.0203125 0.0578125
1 0.8109375 0.90234375 0.0265625 0.05625
1 0.840625 0.90546875 0.03125 0.065625
1 0.67265625 0.9015625 0.034375 0.075
1 0.54765625 0.9078125 0.0359375 0.075
1 0.6328125 0.90703125 0.034375 0.0640625
1 0.58515625 0.90859375 0.03125 0.065625
1 0.5 0.9078125 0.034375 0.0625
1 0.44296875 0.9078125 0.0375 0.06875