2 0.40703125 0.54609375 0.028125 0.059375
2 0.44921875 0.54765625 0.0265625 0.065625
2 0.4921875 0.54921875 0.028125 0.0578125
2 0.53515625 0.546875 0.028125 0.0546875
2 0.57109375 0.5453125 0.03125 0.0546875
2 0.60234375 0.553125 0.034375 0.0671875
1 0.79140625 0.74140625 0.0375 0.065625
1 0.9046875 0.74609375 0.03125 0.053125
1 0.7890625 0.54140625 0.0375 0.065625
1 0.903125 0.54765625 0.03125 0.053125
1 0.6046875 0.7515625 0.0375 0.065625
1 0.571875 0.75 0.028125 0.05
2 0.95 0.94921875 0.040625 0.065625
2 0.94609375 0.7484375 0.0375 0.0640625
2 0.94375 0.54765625 0.034375 0.0625
0 0.98984375 0.94453125 0.0203125 0.053125
0 0.98671875 0.7421875 0.0265625 0.05
0 0.87734375 0.74453125 0.0296875 0.05
0 0.85 0.74375 0.025 0.0546875
0 0.8234375 0.740625 0.0296875 0.05625
0 0.88125 0.94609375 0.028125 0.05625
0 0.85546875 0.94765625 0.028125 0.05
0 0.8734375 0.5453125 0.028125 0.0578125
0 0.84765625 0.54296875 0.028125 0.0515625
0 0.98515625 0.54453125 0.025 0.0453125
0 0.8265625 0.9453125 0.03125 0.05