1 0.5828125 0.37890625 0.053125 0.028125
1 0.584375 0.42265625 0.053125 0.028125
1 0.58359375 0.46328125 0.053125 0.0265625
1 0.58359375 0.5078125 0.0546875 0.028125
1 0.58515625 0.54453125 0.05625 0.028125
1 0.58671875 0.57734375 0.065625 0.0359375
1 0.7875 0.58203125 0.0671875 0.0375
1 0.78125 0.5484375 0.053125 0.03125
1 0.7828125 0.5125 0.05625 0.028125
1 0.78359375 0.46953125 0.0546875 0.03125
1 0.78203125 0.42734375 0.053125 0.0265625
1 0.7796875 0.38359375 0.053125 0.028125
1 0.578125 0.76484375 0.06875 0.0375
1 0.58203125 0.8796875 0.0703125 0.034375
1 0.7765625 0.76953125 0.0703125 0.0375
1 0.97265625 0.77109375 0.0546875 0.0359375
1 0.9765625 0.88828125 0.046875 0.03125
2 0.7828125 0.925 0.071875 0.0421875
2 0.975 0.92734375 0.05 0.040625
0 0.77734375 0.80078125 0.05 0.0265625
0 0.775 0.828125 0.05 0.025
0 0.77578125 0.85546875 0.0515625 0.028125
0 0.978125 0.803125 0.04375 0.028125
0 0.97578125 0.83203125 0.0484375 0.0296875
0 0.9765625 0.8578125 0.046875 0.03125
0 0.978125 0.96953125 0.04375 0.0265625
0 0.778125 0.96640625 0.05625 0.0265625
0 0.77421875 0.98984375 0.046875 0.0203125
1 0.7796875 0.8828125 0.05625 0.03125