1 0.40546875 0.4609375 0.03125 0.05625
1 0.36796875 0.45703125 0.03125 0.0578125
1 0.321875 0.45625 0.03125 0.05625
1 0.2859375 0.45703125 0.034375 0.059375
1 0.23984375 0.45390625 0.03125 0.05625
1 0.5359375 0.45625 0.03125 0.05
1 0.565625 0.4578125 0.028125 0.0546875
1 0.609375 0.45703125 0.03125 0.053125
1 0.659375 0.46171875 0.03125 0.05625
1 0.7109375 0.45859375 0.03125 0.053125
1 0.75546875 0.45859375 0.03125 0.05625
1 0.8 0.45859375 0.03125 0.05625
1 0.85 0.4640625 0.03125 0.0578125
1 0.9 0.45859375 0.0296875 0.0515625
1 0.946875 0.26171875 0.0296875 0.05625
1 0.98828125 0.26015625 0.0234375 0.0546875
1 0.9015625 0.2625 0.03125 0.05625
1 0.8515625 0.2671875 0.0296875 0.05625
1 0.803125 0.26171875 0.0328125 0.05625
1 0.75625 0.2625 0.03125 0.059375
1 0.7109375 0.2625 0.03125 0.053125
1 0.66171875 0.2671875 0.03125 0.053125
1 0.6125 0.26171875 0.0296875 0.0546875
1 0.56796875 0.26171875 0.028125 0.0546875
1 0.5375 0.26171875 0.0296875 0.0546875
1 0.40859375 0.265625 0.028125 0.053125
1 0.18984375 0.46015625 0.0296875 0.0546875
1 0.14140625 0.45390625 0.0296875 0.059375
1 0.94609375 0.45703125 0.0328125 0.065625