1 0.54140625 0.40390625 0.06875 0.040625
1 0.546875 0.521875 0.05625 0.0328125
1 0.74921875 0.40625 0.065625 0.0390625
1 0.75546875 0.521875 0.0625 0.0328125
1 0.546875 0.67578125 0.059375 0.034375
1 0.76171875 0.865625 0.059375 0.03125
1 0.55078125 0.86328125 0.0625 0.03125
2 0.9703125 0.57109375 0.059375 0.0390625
2 0.75859375 0.56796875 0.075 0.04375
2 0.5484375 0.565625 0.0734375 0.0390625
2 0.96875 0.73125 0.0625 0.04375
2 0.7609375 0.72421875 0.075 0.040625
2 0.55078125 0.721875 0.08125 0.0421875
0 0.54453125 0.825 0.05625 0.0296875
0 0.96875 0.8328125 0.0578125 0.03125
0 0.759375 0.82734375 0.0578125 0.03125
0 0.9703125 0.8046875 0.05625 0.0296875
0 0.75859375 0.80078125 0.065625 0.0328125
0 0.54765625 0.7984375 0.0625 0.028125
0 0.7578125 0.771875 0.0609375 0.028125
0 0.546875 0.76953125 0.06875 0.03125
0 0.96875 0.775 0.0578125 0.0296875
0 0.75390625 0.6390625 0.053125 0.0296875
0 0.5421875 0.6359375 0.0546875 0.028125
0 0.54375 0.60859375 0.059375 0.0328125
0 0.75546875 0.6109375 0.05 0.0296875
0 0.96484375 0.61875 0.0546875 0.0296875
0 0.75546875 0.49609375 0.0625 0.0328125
0 0.75546875 0.46640625 0.0546875 0.034375
0 0.75390625 0.4359375 0.06875 0.034375
0 0.54453125 0.4921875 0.0625 0.0296875
0 0.54453125 0.4625 0.0625 0.03125
1 0.76328125 0.95546875 0.05625 0.03125
1 0.7625 0.98515625 0.0546875 0.028125
1 0.76015625 0.9015625 0.05625 0.034375
1 0.55 0.9515625 0.0546875 0.03125
2 0.5484375 0.20625 0.0640625 0.034375
2 0.54296875 0.17109375 0.065625 0.03125
2 0.54296875 0.13359375 0.065625 0.03125
2 0.5421875 0.0859375 0.0671875 0.0375
2 0.5453125 0.03984375 0.0625 0.034375