2 0.3125 0.75703125 0.05625 0.0296875
2 0.31171875 0.71015625 0.0546875 0.0296875
2 0.31796875 0.65703125 0.059375 0.0328125
2 0.3140625 0.6046875 0.053125 0.0328125
2 0.3125 0.55703125 0.053125 0.028125
2 0.31328125 0.50859375 0.05625 0.03125
2 0.31953125 0.45625 0.059375 0.0296875
2 0.31484375 0.40625 0.05625 0.028125
2 0.51796875 0.83671875 0.0578125 0.025
0 0.51953125 0.78984375 0.0546875 0.028125
2 0.5203125 0.75078125 0.0625 0.0375
2 0.51796875 0.70234375 0.0578125 0.0328125
2 0.52578125 0.65078125 0.059375 0.03125
2 0.51953125 0.59921875 0.0625 0.0296875
2 0.52109375 0.5515625 0.0578125 0.034375
2 0.51875 0.503125 0.053125 0.028125
2 0.52578125 0.45078125 0.05625 0.0296875
2 0.51875 0.3984375 0.059375 0.03125
2 0.52109375 0.3515625 0.053125 0.0296875
2 0.51953125 0.3203125 0.0546875 0.028125
2 0.52421875 0.2703125 0.05625 0.028125
2 0.525 0.23515625 0.0609375 0.028125
2 0.31328125 0.84375 0.0578125 0.0265625
0 0.309375 0.79609375 0.05625 0.03125
2 0.31484375 0.8828125 0.05625 0.03125