2 0.29375 0.98046875 0.04375 0.0375
2 0.29765625 0.7890625 0.040625 0.078125
2 0.3015625 0.58046875 0.0453125 0.0765625
2 0.45234375 0.9828125 0.034375 0.034375
2 0.45625 0.78671875 0.04375 0.075
2 0.459375 0.578125 0.04375 0.078125
0 0.41171875 0.78046875 0.03125 0.059375
0 0.4125 0.5671875 0.028125 0.05
0 0.3859375 0.56640625 0.03125 0.05625
0 0.190625 0.98515625 0.03125 0.028125
0 0.1953125 0.78125 0.0296875 0.059375
0 0.196875 0.57265625 0.03125 0.05625
0 0.2171875 0.984375 0.028125 0.03125
0 0.22265625 0.78203125 0.0265625 0.053125
0 0.225 0.5734375 0.03125 0.05625
0 0.24453125 0.98203125 0.034375 0.034375
0 0.25 0.78125 0.0328125 0.059375
0 0.253125 0.571875 0.034375 0.059375
0 0.3828125 0.77734375 0.03125 0.053125
0 0.40625 0.98203125 0.0328125 0.034375
1 0.61875 0.56796875 0.040625 0.071875
1 0.6171875 0.7796875 0.0359375 0.0625
1 0.159375 0.575 0.03125 0.05625
1 0.121875 0.7859375 0.03125 0.059375
1 0.0671875 0.7859375 0.03125 0.05625
1 0.03671875 0.7859375 0.03125 0.05625
1 0.15703125 0.78515625 0.03125 0.0546875
1 0.50078125 0.56875 0.03125 0.05625
0 0.53125 0.56796875 0.025 0.053125
0 0.55859375 0.56796875 0.028125 0.0515625
0 0.528125 0.77734375 0.028125 0.0453125
0 0.55546875 0.778125 0.028125 0.053125
0 0.5859375 0.778125 0.025 0.05
1 0.34765625 0.571875 0.03125 0.059375
2 0.81796875 0.57734375 0.0375 0.075
2 0.8515625 0.571875 0.034375 0.065625
2 0.88984375 0.5734375 0.03125 0.065625
2 0.93671875 0.5734375 0.03125 0.075
2 0.9828125 0.57109375 0.028125 0.065625
1 0.1234375 0.5765625 0.03125 0.053125
1 0.0703125 0.5765625 0.028125 0.059375