1 0.4671875 0.91796875 0.065625 0.0375
1 0.45703125 0.86796875 0.05625 0.03125
1 0.46328125 0.8171875 0.05625 0.03125
1 0.45859375 0.76640625 0.0546875 0.0296875
1 0.4578125 0.72109375 0.053125 0.03125
1 0.459375 0.67421875 0.059375 0.03125
1 0.46484375 0.6234375 0.05625 0.028125
1 0.2640625 0.81875 0.0546875 0.03125
1 0.25859375 0.86953125 0.0546875 0.0296875
1 0.2671875 0.9203125 0.0625 0.0375
1 0.25859375 0.76953125 0.053125 0.028125
1 0.2578125 0.72265625 0.05625 0.03125
1 0.26015625 0.6765625 0.053125 0.028125
1 0.26328125 0.62578125 0.053125 0.028125
1 0.4578125 0.5734375 0.05625 0.03125
1 0.45859375 0.528125 0.059375 0.03125
1 0.25859375 0.575 0.053125 0.0296875
1 0.4578125 0.48203125 0.053125 0.028125
1 0.259375 0.5296875 0.05625 0.03125
1 0.4640625 0.43125 0.05625 0.028125
1 0.45625 0.3796875 0.05625 0.0296875
1 0.45703125 0.334375 0.053125 0.028125
1 0.45703125 0.30625 0.05625 0.028125
1 0.25859375 0.4828125 0.05625 0.0296875
1 0.46015625 0.17265625 0.053125 0.03125
1 0.4546875 0.13515625 0.053125 0.028125
1 0.2640625 0.4328125 0.0578125 0.0296875