1 0.95546875 0.4359375 0.0296875 0.05625
1 0.90703125 0.4375 0.03125 0.05625
1 0.8671875 0.43828125 0.0296875 0.05625
1 0.81796875 0.43671875 0.0328125 0.059375
1 0.77734375 0.44296875 0.0328125 0.059375
1 0.77265625 0.2359375 0.0296875 0.059375
1 0.63671875 0.4375 0.0328125 0.059375
1 0.63125 0.2296875 0.0296875 0.059375
1 0.6015625 0.23125 0.03125 0.059375
1 0.553125 0.23046875 0.03125 0.059375
1 0.49921875 0.2375 0.0296875 0.059375
1 0.446875 0.23125 0.028125 0.059375
1 0.39765625 0.23046875 0.03125 0.059375
1 0.3484375 0.23203125 0.03125 0.0609375
1 0.29453125 0.23828125 0.03125 0.059375
1 0.24140625 0.23203125 0.03125 0.0625
1 0.1921875 0.23125 0.03125 0.0625
1 0.60625 0.440625 0.0296875 0.053125
1 0.55859375 0.43828125 0.0296875 0.0609375
1 0.50546875 0.44453125 0.0328125 0.05625
1 0.4515625 0.4421875 0.0328125 0.059375
1 0.40234375 0.4390625 0.034375 0.059375
1 0.35390625 0.43984375 0.0296875 0.059375
1 0.3 0.44453125 0.03125 0.0578125
1 0.246875 0.43984375 0.028125 0.059375
1 0.196875 0.43984375 0.03125 0.0609375
1 0.13984375 0.025 0.03125 0.05
1 0.39453125 0.0265625 0.0328125 0.053125
1 0.14375 0.23203125 0.03125 0.0609375
1 0.08984375 0.2375 0.03125 0.0609375
1 0.0953125 0.446875 0.03125 0.0625
1 0.03828125 0.23203125 0.03125 0.05625
1 0.3453125 0.025 0.0359375 0.05
1 0.29140625 0.028125 0.03125 0.05625
1 0.44296875 0.02578125 0.0328125 0.0515625
1 0.49765625 0.028125 0.0328125 0.05625
1 0.146875 0.43671875 0.034375 0.065625
1 0.8140625 0.2296875 0.028125 0.05625
1 0.9015625 0.22890625 0.034375 0.065625