1 0.9921875 0.46796875 0.015625 0.05
1 0.94921875 0.471875 0.028125 0.0546875
1 0.8984375 0.4671875 0.028125 0.053125
1 0.853125 0.46875 0.028125 0.053125
1 0.815625 0.46875 0.028125 0.053125
1 0.76953125 0.4671875 0.03125 0.05625
1 0.73125 0.4734375 0.03125 0.05625
1 0.7265625 0.27890625 0.028125 0.05625
1 0.59921875 0.46875 0.03125 0.05625
1 0.59375 0.2734375 0.028125 0.05625
1 0.565625 0.27421875 0.028125 0.05625
1 0.5203125 0.2734375 0.028125 0.05625
1 0.46953125 0.28046875 0.028125 0.05625
1 0.4203125 0.27421875 0.028125 0.0546875
1 0.37421875 0.2734375 0.03125 0.05625
1 0.328125 0.27578125 0.0296875 0.05625
1 0.27734375 0.28125 0.028125 0.05625
1 0.22734375 0.27578125 0.028125 0.059375
1 0.18125 0.27421875 0.028125 0.059375
1 0.5703125 0.47109375 0.028125 0.05
1 0.525 0.46953125 0.028125 0.0578125
1 0.475 0.475 0.03125 0.053125
1 0.425 0.47265625 0.03125 0.05625
1 0.37890625 0.4703125 0.03125 0.05625
1 0.3328125 0.4703125 0.028125 0.05625
1 0.2828125 0.475 0.0296875 0.0546875
1 0.2328125 0.4703125 0.028125 0.0546875
1 0.18515625 0.47109375 0.0296875 0.05625
1 0.13203125 0.07734375 0.028125 0.053125
1 0.37109375 0.0796875 0.03125 0.05625
1 0.13515625 0.27578125 0.0296875 0.0578125
1 0.08515625 0.28046875 0.028125 0.0578125
1 0.08984375 0.47734375 0.0296875 0.059375
1 0.03671875 0.27578125 0.0296875 0.053125
1 0.325 0.07578125 0.034375 0.05625
1 0.27421875 0.0828125 0.028125 0.05625
1 0.41640625 0.078125 0.03125 0.05625
1 0.4671875 0.08203125 0.03125 0.0578125
1 0.13828125 0.4671875 0.03125 0.0625
1 0.765625 0.27265625 0.0265625 0.053125
1 0.84765625 0.27265625 0.03125 0.0609375