1 0.59921875 0.47578125 0.028125 0.05625
1 0.56953125 0.4765625 0.028125 0.0578125
1 0.52265625 0.4765625 0.028125 0.059375
1 0.4703125 0.48359375 0.028125 0.05625
1 0.41875 0.478125 0.03125 0.05625
1 0.36953125 0.4765625 0.03125 0.05625
1 0.32265625 0.47734375 0.03125 0.0578125
1 0.2703125 0.4828125 0.03125 0.0546875
1 0.21875 0.478125 0.03125 0.0546875
1 0.1703125 0.478125 0.0296875 0.053125
1 0.12109375 0.478125 0.03125 0.053125
1 0.06953125 0.484375 0.03125 0.05625
1 0.0171875 0.4796875 0.03125 0.05625
1 0.0671875 0.2828125 0.03125 0.059375
1 0.01484375 0.278125 0.0296875 0.0546875
1 0.1203125 0.27578125 0.03125 0.05625
1 0.16875 0.27734375 0.03125 0.059375
1 0.21640625 0.278125 0.03125 0.05625
1 0.26875 0.2828125 0.03125 0.05625
1 0.3203125 0.275 0.034375 0.05625
1 0.36875 0.27734375 0.0328125 0.05625
1 0.4171875 0.2765625 0.03125 0.0625
1 0.46796875 0.28203125 0.03125 0.05625
1 0.7375 0.478125 0.03125 0.0546875
1 0.77578125 0.4765625 0.0375 0.059375
1 0.82265625 0.47734375 0.03125 0.05625
1 0.86171875 0.47578125 0.034375 0.0609375
1 0.9109375 0.471875 0.0296875 0.059375