2 0.58203125 0.50703125 0.034375 0.0625
2 0.53984375 0.5078125 0.028125 0.0625
2 0.4984375 0.50859375 0.0296875 0.05625
2 0.45703125 0.50546875 0.028125 0.05625
2 0.4203125 0.5078125 0.0265625 0.05625
1 0.45390625 0.709375 0.028125 0.05
1 0.4171875 0.70625 0.025 0.0515625
1 0.38671875 0.71171875 0.034375 0.059375
1 0.38671875 0.5125 0.03125 0.0625
1 0.4953125 0.709375 0.028125 0.053125
1 0.5375 0.70859375 0.028125 0.05
1 0.203125 0.7015625 0.034375 0.065625
1 0.20546875 0.503125 0.034375 0.0625
1 0.09296875 0.50625 0.0265625 0.053125
1 0.0921875 0.70546875 0.03125 0.05625
2 0.05 0.70703125 0.034375 0.0609375
2 0.0546875 0.51015625 0.0359375 0.0625
0 0.12109375 0.503125 0.025 0.046875
0 0.14765625 0.50390625 0.025 0.05
0 0.17109375 0.703125 0.025 0.04375
0 0.14453125 0.70390625 0.025 0.04375
0 0.11875 0.70234375 0.025 0.046875
0 0.01171875 0.70390625 0.0234375 0.0453125
0 0.0125 0.503125 0.025 0.04375
1 0.08671875 0.9015625 0.028125 0.046875
2 0.04609375 0.90234375 0.0359375 0.0625
0 0.009375 0.90078125 0.01875 0.0515625
0 0.11484375 0.89921875 0.025 0.046875
0 0.140625 0.8984375 0.025 0.0453125
0 0.1671875 0.8984375 0.025 0.04375