2 0.48984375 0.40234375 0.05625 0.0296875
2 0.49296875 0.44296875 0.053125 0.03125
2 0.49375 0.48359375 0.0546875 0.0296875
2 0.49296875 0.525 0.053125 0.028125
2 0.49296875 0.56171875 0.05625 0.028125
2 0.4953125 0.59453125 0.065625 0.0375
2 0.69140625 0.59921875 0.065625 0.0375
2 0.68828125 0.5671875 0.0578125 0.0296875
2 0.68828125 0.53203125 0.053125 0.03125
2 0.68984375 0.490625 0.05625 0.0296875
2 0.68828125 0.45 0.0546875 0.028125
2 0.684375 0.409375 0.0546875 0.028125
2 0.68203125 0.7796875 0.06875 0.0375
2 0.6890625 0.928125 0.0640625 0.0375
2 0.48515625 0.7734375 0.065625 0.0375
2 0.4921875 0.92265625 0.0625 0.0375
0 0.6828125 0.81015625 0.04375 0.0234375
0 0.68125 0.8375 0.046875 0.025
0 0.68203125 0.8625 0.04375 0.028125
0 0.6859375 0.88984375 0.0546875 0.028125
0 0.6828125 0.96953125 0.05 0.021875
0 0.68515625 0.99140625 0.04375 0.0171875
0 0.48984375 0.8828125 0.0515625 0.028125
0 0.48828125 0.85546875 0.046875 0.025
0 0.4859375 0.83046875 0.0453125 0.0265625
0 0.484375 0.8046875 0.0484375 0.025
0 0.48671875 0.96328125 0.046875 0.0234375
2 0.88671875 0.78203125 0.071875 0.0390625
0 0.8875 0.81328125 0.04375 0.025
0 0.88671875 0.83828125 0.046875 0.0234375
0 0.8859375 0.8640625 0.0453125 0.025
0 0.8890625 0.89140625 0.05 0.028125
2 0.8921875 0.93125 0.0625 0.034375
0 0.8875 0.97265625 0.0453125 0.025
2 0.8984375 0.6 0.06875 0.0359375
2 0.89375 0.5359375 0.05 0.025