1 0.48203125 0.56796875 0.065625 0.034375
1 0.48984375 0.515625 0.0578125 0.0296875
1 0.4828125 0.46640625 0.05625 0.0328125
1 0.68203125 0.57109375 0.065625 0.0390625
1 0.4890625 0.415625 0.053125 0.028125
1 0.49296875 0.3203125 0.046875 0.0296875
1 0.484375 0.26953125 0.05 0.0296875
1 0.68984375 0.51875 0.0546875 0.03125
1 0.49140625 0.21953125 0.0515625 0.0296875
1 0.490625 0.1734375 0.05 0.028125
1 0.49140625 0.12578125 0.0484375 0.025
1 0.49140625 0.37109375 0.0609375 0.034375
1 0.48359375 0.9421875 0.06875 0.0375
1 0.47734375 0.97578125 0.05 0.0296875
1 0.68359375 0.94375 0.065625 0.0359375
1 0.67734375 0.9765625 0.053125 0.028125