2 0.5890625 0.47421875 0.040625 0.0703125
2 0.42890625 0.48046875 0.0390625 0.06875
2 0.35859375 0.4734375 0.0265625 0.05
2 0.3203125 0.4765625 0.0296875 0.053125
2 0.275 0.48359375 0.040625 0.0703125
2 0.42265625 0.68984375 0.0375 0.065625
2 0.58203125 0.684375 0.0375 0.0671875
2 0.78359375 0.4859375 0.0390625 0.06875
2 0.81640625 0.48125 0.03125 0.059375
2 0.8546875 0.48046875 0.03125 0.05625
2 0.31484375 0.6875 0.03125 0.05625
2 0.26640625 0.69453125 0.0390625 0.06875
2 0.1296875 0.6921875 0.0296875 0.059375
2 0.09453125 0.69296875 0.028125 0.053125
2 0.0421875 0.6953125 0.028125 0.053125
2 0.01328125 0.6953125 0.0265625 0.053125
2 0.01171875 0.915625 0.0234375 0.053125
2 0.0390625 0.91328125 0.03125 0.0515625
2 0.0921875 0.9109375 0.028125 0.05625
2 0.1265625 0.9109375 0.028125 0.05625
2 0.265625 0.91328125 0.0375 0.071875
2 0.31328125 0.9046875 0.0328125 0.05625
0 0.1640625 0.90546875 0.028125 0.0484375
0 0.190625 0.90546875 0.025 0.05
0 0.2171875 0.90546875 0.0265625 0.05
0 0.16640625 0.6859375 0.0265625 0.053125
0 0.19296875 0.6875 0.025 0.05
0 0.21953125 0.68671875 0.028125 0.0515625
0 0.35234375 0.6828125 0.025 0.05
0 0.37890625 0.68359375 0.028125 0.0484375
0 0.46484375 0.6875 0.028125 0.0546875
0 0.49453125 0.684375 0.028125 0.053125
0 0.5203125 0.684375 0.0265625 0.0546875
0 0.54921875 0.6828125 0.028125 0.0546875
0 0.55546875 0.47421875 0.025 0.05
0 0.52734375 0.4734375 0.025 0.05
0 0.5 0.47421875 0.025 0.05
0 0.47109375 0.47578125 0.028125 0.053125
0 0.3859375 0.47421875 0.028125 0.05
0 0.22578125 0.47734375 0.0296875 0.059375
0 0.2 0.475 0.028125 0.0578125
0 0.1734375 0.47890625 0.028125 0.05625
0 0.35078125 0.903125 0.0296875 0.05625
0 0.37890625 0.90546875 0.0265625 0.0515625
2 0.77578125 0.69609375 0.0375 0.071875