2 0.26171875 0.465625 0.0375 0.065625
2 0.26328125 0.2734375 0.034375 0.0625
2 0.11640625 0.46875 0.040625 0.06875
0 0.30625 0.46796875 0.028125 0.0515625
0 0.33046875 0.46953125 0.028125 0.05
0 0.3578125 0.47109375 0.0296875 0.046875
0 0.30859375 0.2796875 0.025 0.053125
0 0.33125 0.28125 0.03125 0.05625
0 0.35859375 0.28046875 0.0265625 0.059375
1 0.390625 0.47109375 0.0265625 0.05
1 0.42265625 0.46796875 0.028125 0.05
1 0.471875 0.46796875 0.028125 0.0546875
1 0.50078125 0.4671875 0.028125 0.0546875
1 0.5453125 0.46171875 0.028125 0.053125
1 0.59453125 0.46875 0.028125 0.053125
1 0.6453125 0.4640625 0.028125 0.0515625
1 0.6890625 0.4640625 0.028125 0.053125
1 0.5953125 0.278125 0.03125 0.0546875
1 0.64453125 0.271875 0.0296875 0.053125
1 0.73359375 0.4640625 0.028125 0.05
1 0.73671875 0.2703125 0.028125 0.0546875
1 0.690625 0.271875 0.028125 0.053125
1 0.546875 0.271875 0.03125 0.05
1 0.78515625 0.27734375 0.03125 0.053125
1 0.83515625 0.27421875 0.0296875 0.053125
1 0.88046875 0.2734375 0.03125 0.053125
1 0.83359375 0.46484375 0.0296875 0.0546875
1 0.784375 0.46953125 0.028125 0.05
1 0.91796875 0.2734375 0.028125 0.053125
1 0.9625 0.2734375 0.028125 0.05625
1 0.87890625 0.4640625 0.028125 0.053125
1 0.9625 0.46640625 0.0328125 0.059375
1 0.50234375 0.27421875 0.028125 0.053125
1 0.21953125 0.47265625 0.028125 0.0515625
0 0.184375 0.47421875 0.0234375 0.0453125
0 0.15859375 0.47421875 0.025 0.04375
2 0.12109375 0.27890625 0.03125 0.05625
0 0.1609375 0.28203125 0.025 0.04375
0 0.18671875 0.2828125 0.021875 0.040625